Date,Deceased Females,Deceased Males,Total Deaths
01-01-2010,69,128,197
02-01-2010,72,111,183
03-01-2010,70,88,158
04-01-2010,63,89,152
05-01-2010,75,104,179
06-01-2010,69,106,175
07-01-2010,63,103,166
08-01-2010,50,111,161
09-01-2010,73,107,180
10-01-2010,62,127,189
11-01-2010,83,119,202
12-01-2010,72,110,182
13-01-2010,67,113,180
14-01-2010,80,98,178
15-01-2010,84,97,181
16-01-2010,75,104,179
17-01-2010,44,90,134
18-01-2010,63,96,159
19-01-2010,50,111,161
20-01-2010,56,115,171
21-01-2010,74,102,176
22-01-2010,66,94,160
23-01-2010,70,103,173
24-01-2010,69,89,158
25-01-2010,58,103,161
26-01-2010,56,117,173
27-01-2010,66,93,159
28-01-2010,61,83,144
29-01-2010,56,92,148
30-01-2010,67,94,161
31-01-2010,68,95,163
01-02-2010,63,99,162
02-02-2010,55,97,152
03-02-2010,55,87,142
04-02-2010,62,88,150
05-02-2010,63,86,149
06-02-2010,51,96,147
07-02-2010,73,84,157
08-02-2010,64,106,170
09-02-2010,62,107,169
10-02-2010,71,102,173
11-02-2010,66,105,171
12-02-2010,72,96,168
13-02-2010,66,94,160
14-02-2010,40,98,138
15-02-2010,60,100,160
16-02-2010,72,91,163
17-02-2010,71,92,163
18-02-2010,61,87,148
19-02-2010,67,81,148
20-02-2010,53,77,130
21-02-2010,56,83,139
22-02-2010,55,102,157
23-02-2010,58,96,154
24-02-2010,56,102,158
25-02-2010,55,91,146
26-02-2010,61,91,152
27-02-2010,56,77,133
28-02-2010,59,104,163
01-03-2010,67,101,168
02-03-2010,45,85,130
03-03-2010,68,80,148
04-03-2010,60,97,157
05-03-2010,62,96,158
06-03-2010,56,88,144
07-03-2010,53,77,130
08-03-2010,53,91,144
09-03-2010,63,83,146
10-03-2010,61,91,152
11-03-2010,65,78,143
12-03-2010,51,84,135
13-03-2010,66,76,142
14-03-2010,42,72,114
15-03-2010,73,78,151
16-03-2010,69,85,154
17-03-2010,56,83,139
18-03-2010,54,88,142
19-03-2010,48,79,127
20-03-2010,53,74,127
21-03-2010,59,86,145
22-03-2010,62,73,135
23-03-2010,51,72,123
24-03-2010,45,66,111
25-03-2010,49,92,141
26-03-2010,64,65,129
27-03-2010,47,100,147
28-03-2010,57,88,145
29-03-2010,53,93,146
30-03-2010,64,86,150
31-03-2010,67,64,131
01-04-2010,56,93,149
02-04-2010,55,92,147
03-04-2010,63,95,158
04-04-2010,51,89,140
05-04-2010,55,85,140
06-04-2010,51,61,112
07-04-2010,59,74,133
08-04-2010,52,94,146
09-04-2010,61,92,153
10-04-2010,58,79,137
11-04-2010,68,89,157
12-04-2010,50,74,124
13-04-2010,62,82,144
14-04-2010,53,86,139
15-04-2010,50,80,130
16-04-2010,49,81,130
17-04-2010,50,74,124
18-04-2010,50,90,140
19-04-2010,48,67,115
20-04-2010,62,82,144
21-04-2010,58,91,149
22-04-2010,53,77,130
23-04-2010,61,84,145
24-04-2010,45,80,125
25-04-2010,41,89,130
26-04-2010,55,94,149
27-04-2010,63,74,137
28-04-2010,65,85,150
29-04-2010,62,75,137
30-04-2010,64,73,137
01-05-2010,43,84,127
02-05-2010,55,75,130
03-05-2010,50,96,146
04-05-2010,61,78,139
05-05-2010,72,94,166
06-05-2010,54,72,126
07-05-2010,66,86,152
08-05-2010,67,80,147
09-05-2010,56,101,157
10-05-2010,70,91,161
11-05-2010,65,83,148
12-05-2010,64,80,144
13-05-2010,50,98,148
14-05-2010,76,90,166
15-05-2010,59,79,138
16-05-2010,78,86,164
17-05-2010,83,103,186
18-05-2010,59,80,139
19-05-2010,53,78,131
20-05-2010,61,83,144
21-05-2010,64,89,153
22-05-2010,65,96,161
23-05-2010,50,92,142
24-05-2010,60,110,170
25-05-2010,71,107,178
26-05-2010,87,114,201
27-05-2010,72,110,182
28-05-2010,74,96,170
29-05-2010,94,127,221
30-05-2010,69,118,187
31-05-2010,55,90,145
01-06-2010,61,104,165
02-06-2010,78,112,190
03-06-2010,72,123,195
04-06-2010,93,115,208
05-06-2010,69,89,158
06-06-2010,79,97,176
07-06-2010,58,90,148
08-06-2010,44,97,141
09-06-2010,46,107,153
10-06-2010,66,80,146
11-06-2010,39,76,115
12-06-2010,61,75,136
13-06-2010,58,77,135
14-06-2010,64,81,145
15-06-2010,73,90,163
16-06-2010,62,85,147
17-06-2010,61,79,140
18-06-2010,47,81,128
19-06-2010,50,78,128
20-06-2010,52,70,122
21-06-2010,44,82,126
22-06-2010,52,89,141
23-06-2010,48,93,141
24-06-2010,53,90,143
25-06-2010,44,81,125
26-06-2010,65,85,150
27-06-2010,58,87,145
28-06-2010,51,85,136
29-06-2010,50,86,136
30-06-2010,57,71,128
01-07-2010,42,65,107
02-07-2010,55,77,132
03-07-2010,58,82,140
04-07-2010,47,96,143
05-07-2010,44,92,136
06-07-2010,58,96,154
07-07-2010,49,91,140
08-07-2010,50,94,144
09-07-2010,71,72,143
10-07-2010,54,102,156
11-07-2010,42,86,128
12-07-2010,56,89,145
13-07-2010,39,67,106
14-07-2010,57,76,133
15-07-2010,62,111,173
16-07-2010,69,101,170
17-07-2010,45,89,134
18-07-2010,59,89,148
19-07-2010,76,80,156
20-07-2010,55,90,145
21-07-2010,54,86,140
22-07-2010,55,93,148
23-07-2010,65,78,143
24-07-2010,58,81,139
25-07-2010,69,100,169
26-07-2010,51,78,129
27-07-2010,64,88,152
28-07-2010,71,95,166
29-07-2010,49,74,123
30-07-2010,57,94,151
31-07-2010,50,121,171
01-08-2010,65,89,154
02-08-2010,70,94,164
03-08-2010,53,99,152
04-08-2010,49,104,153
05-08-2010,79,93,172
06-08-2010,56,90,146
07-08-2010,48,99,147
08-08-2010,70,109,179
09-08-2010,69,100,169
10-08-2010,61,84,145
11-08-2010,58,95,153
12-08-2010,77,88,165
13-08-2010,53,86,139
14-08-2010,69,97,166
15-08-2010,69,79,148
16-08-2010,58,106,164
17-08-2010,54,91,145
18-08-2010,46,90,136
19-08-2010,53,99,152
20-08-2010,57,90,147
21-08-2010,61,89,150
22-08-2010,51,84,135
23-08-2010,50,95,145
24-08-2010,48,90,138
25-08-2010,57,91,148
26-08-2010,60,108,168
27-08-2010,62,90,152
28-08-2010,63,96,159
29-08-2010,60,79,139
30-08-2010,57,104,161
31-08-2010,64,91,155
01-09-2010,63,99,162
02-09-2010,65,105,170
03-09-2010,47,93,140
04-09-2010,66,89,155
05-09-2010,44,93,137
06-09-2010,50,116,166
07-09-2010,72,111,183
08-09-2010,70,95,165
09-09-2010,71,86,157
10-09-2010,50,115,165
11-09-2010,63,91,154
12-09-2010,60,94,154
13-09-2010,58,112,170
14-09-2010,53,114,167
15-09-2010,58,94,152
16-09-2010,70,88,158
17-09-2010,59,97,156
18-09-2010,67,100,167
19-09-2010,89,98,187
20-09-2010,66,117,183
21-09-2010,78,103,181
22-09-2010,65,86,151
23-09-2010,53,99,152
24-09-2010,57,111,168
25-09-2010,61,92,153
26-09-2010,62,109,171
27-09-2010,60,80,140
28-09-2010,65,85,150
29-09-2010,58,84,142
30-09-2010,50,106,156
01-10-2010,52,88,140
02-10-2010,54,84,138
03-10-2010,60,69,129
04-10-2010,68,75,143
05-10-2010,57,92,149
06-10-2010,55,89,144
07-10-2010,63,87,150
08-10-2010,60,101,161
09-10-2010,68,68,136
10-10-2010,78,98,176
11-10-2010,72,85,157
12-10-2010,65,103,168
13-10-2010,65,100,165
14-10-2010,63,106,169
15-10-2010,70,94,164
16-10-2010,56,96,152
17-10-2010,60,75,135
18-10-2010,69,90,159
19-10-2010,65,98,163
20-10-2010,65,102,167
21-10-2010,53,96,149
22-10-2010,59,88,147
23-10-2010,53,100,153
24-10-2010,52,86,138
25-10-2010,52,90,142
26-10-2010,57,94,151
27-10-2010,58,88,146
28-10-2010,63,86,149
29-10-2010,45,81,126
30-10-2010,39,90,129
31-10-2010,55,87,142
01-11-2010,60,97,157
02-11-2010,66,92,158
03-11-2010,54,84,138
04-11-2010,51,92,143
05-11-2010,66,95,161
06-11-2010,54,91,145
07-11-2010,58,85,143
08-11-2010,65,119,184
09-11-2010,72,106,178
10-11-2010,57,88,145
11-11-2010,59,96,155
12-11-2010,53,119,172
13-11-2010,48,101,149
14-11-2010,65,80,145
15-11-2010,63,104,167
16-11-2010,62,85,147
17-11-2010,60,86,146
18-11-2010,63,77,140
19-11-2010,67,101,168
20-11-2010,53,65,118
21-11-2010,61,105,166
22-11-2010,59,98,157
23-11-2010,60,97,157
24-11-2010,72,95,167
25-11-2010,49,83,132
26-11-2010,75,85,160
27-11-2010,50,92,142
28-11-2010,51,102,153
29-11-2010,58,85,143
30-11-2010,61,90,151
01-12-2010,62,88,150
02-12-2010,50,89,139
03-12-2010,61,95,156
04-12-2010,59,74,133
05-12-2010,52,99,151
06-12-2010,59,92,151
07-12-2010,55,104,159
08-12-2010,66,100,166
09-12-2010,65,99,164
10-12-2010,66,98,164
11-12-2010,75,85,160
12-12-2010,55,102,157
13-12-2010,58,96,154
14-12-2010,60,96,156
15-12-2010,50,85,135
16-12-2010,60,98,158
17-12-2010,68,90,158
18-12-2010,51,104,155
19-12-2010,52,100,152
20-12-2010,64,118,182
21-12-2010,66,104,170
22-12-2010,66,106,172
23-12-2010,62,99,161
24-12-2010,68,111,179
25-12-2010,73,107,180
26-12-2010,63,118,181
27-12-2010,82,123,205
28-12-2010,80,93,173
29-12-2010,75,109,184
30-12-2010,72,99,171
31-12-2010,71,91,162
01-01-2011,77,117,194
02-01-2011,58,117,175
03-01-2011,64,106,170
04-01-2011,73,97,170
05-01-2011,48,103,151
06-01-2011,73,87,160
07-01-2011,60,81,141
08-01-2011,55,104,159
09-01-2011,74,116,190
10-01-2011,94,107,201
11-01-2011,72,116,188
12-01-2011,71,111,182
13-01-2011,72,118,190
14-01-2011,50,99,149
15-01-2011,57,99,156
16-01-2011,57,116,173
17-01-2011,42,112,154
18-01-2011,61,103,164
19-01-2011,65,108,173
20-01-2011,73,117,190
21-01-2011,63,101,164
22-01-2011,79,99,178
23-01-2011,79,103,182
24-01-2011,60,116,176
25-01-2011,73,96,169
26-01-2011,58,120,178
27-01-2011,60,105,165
28-01-2011,71,100,171
29-01-2011,60,86,146
30-01-2011,55,100,155
31-01-2011,67,108,175
01-02-2011,66,106,172
02-02-2011,74,90,164
03-02-2011,65,101,166
04-02-2011,68,80,148
05-02-2011,66,81,147
06-02-2011,65,90,155
07-02-2011,68,95,163
08-02-2011,64,108,172
09-02-2011,83,95,178
10-02-2011,72,79,151
11-02-2011,69,101,170
12-02-2011,76,97,173
13-02-2011,75,89,164
14-02-2011,59,108,167
15-02-2011,55,97,152
16-02-2011,55,100,155
17-02-2011,56,93,149
18-02-2011,60,78,138
19-02-2011,62,88,150
20-02-2011,65,97,162
21-02-2011,67,105,172
22-02-2011,45,89,134
23-02-2011,55,85,140
24-02-2011,53,87,140
25-02-2011,53,95,148
26-02-2011,56,74,130
27-02-2011,69,99,168
28-02-2011,57,96,153
01-03-2011,72,113,185
02-03-2011,68,80,148
03-03-2011,61,91,152
04-03-2011,75,97,172
05-03-2011,65,105,170
06-03-2011,63,93,156
07-03-2011,53,110,163
08-03-2011,51,111,162
09-03-2011,78,93,171
10-03-2011,63,90,153
11-03-2011,72,104,176
12-03-2011,67,90,157
13-03-2011,59,92,151
14-03-2011,50,93,143
15-03-2011,51,74,125
16-03-2011,47,109,156
17-03-2011,62,83,145
18-03-2011,45,90,135
19-03-2011,38,78,116
20-03-2011,63,75,138
21-03-2011,65,97,162
22-03-2011,67,85,152
23-03-2011,67,84,151
24-03-2011,59,74,133
25-03-2011,50,73,123
26-03-2011,58,70,128
27-03-2011,57,78,135
28-03-2011,41,98,139
29-03-2011,75,75,150
30-03-2011,45,98,143
31-03-2011,62,90,152
01-04-2011,64,72,136
02-04-2011,50,68,118
03-04-2011,66,89,155
04-04-2011,79,102,181
05-04-2011,52,55,107
06-04-2011,53,83,136
07-04-2011,49,96,145
08-04-2011,64,83,147
09-04-2011,56,84,140
10-04-2011,69,96,165
11-04-2011,64,77,141
12-04-2011,59,86,145
13-04-2011,48,79,127
14-04-2011,81,94,175
15-04-2011,66,74,140
16-04-2011,48,79,127
17-04-2011,56,95,151
18-04-2011,52,75,127
19-04-2011,42,86,128
20-04-2011,68,98,166
21-04-2011,60,79,139
22-04-2011,46,83,129
23-04-2011,57,98,155
24-04-2011,54,91,145
25-04-2011,53,89,142
26-04-2011,48,89,137
27-04-2011,52,94,146
28-04-2011,66,81,147
29-04-2011,69,99,168
30-04-2011,56,86,142
01-05-2011,53,82,135
02-05-2011,65,91,156
03-05-2011,77,103,180
04-05-2011,74,117,191
05-05-2011,63,96,159
06-05-2011,66,98,164
07-05-2011,95,116,211
08-05-2011,89,121,210
09-05-2011,85,108,193
10-05-2011,64,94,158
11-05-2011,68,90,158
12-05-2011,53,107,160
13-05-2011,60,99,159
14-05-2011,69,81,150
15-05-2011,60,82,142
16-05-2011,55,80,135
17-05-2011,52,97,149
18-05-2011,66,89,155
19-05-2011,60,94,154
20-05-2011,70,77,147
21-05-2011,50,95,145
22-05-2011,51,95,146
23-05-2011,60,105,165
24-05-2011,59,105,164
25-05-2011,57,88,145
26-05-2011,63,81,144
27-05-2011,51,83,134
28-05-2011,61,96,157
29-05-2011,55,98,153
30-05-2011,59,104,163
31-05-2011,54,89,143
01-06-2011,48,83,131
02-06-2011,71,71,142
03-06-2011,68,76,144
04-06-2011,58,95,153
05-06-2011,54,86,140
06-06-2011,59,105,164
07-06-2011,75,92,167
08-06-2011,67,85,152
09-06-2011,59,90,149
10-06-2011,64,90,154
11-06-2011,51,87,138
12-06-2011,55,82,137
13-06-2011,62,73,135
14-06-2011,46,99,145
15-06-2011,49,88,137
16-06-2011,57,90,147
17-06-2011,55,87,142
18-06-2011,71,93,164
19-06-2011,61,108,169
20-06-2011,68,114,182
21-06-2011,64,101,165
22-06-2011,58,89,147
23-06-2011,39,88,127
24-06-2011,64,85,149
25-06-2011,55,69,124
26-06-2011,58,72,130
27-06-2011,57,83,140
28-06-2011,58,91,149
29-06-2011,60,73,133
30-06-2011,65,97,162
01-07-2011,53,91,144
02-07-2011,34,88,122
03-07-2011,58,84,142
04-07-2011,43,101,144
05-07-2011,51,89,140
06-07-2011,56,77,133
07-07-2011,45,71,116
08-07-2011,65,94,159
09-07-2011,62,107,169
10-07-2011,63,111,174
11-07-2011,66,87,153
12-07-2011,55,81,136
13-07-2011,72,82,154
14-07-2011,55,82,137
15-07-2011,48,87,135
16-07-2011,60,65,125
17-07-2011,45,79,124
18-07-2011,56,78,134
19-07-2011,54,80,134
20-07-2011,49,79,128
21-07-2011,55,83,138
22-07-2011,48,87,135
23-07-2011,65,81,146
24-07-2011,55,113,168
25-07-2011,47,91,138
26-07-2011,48,76,124
27-07-2011,34,91,125
28-07-2011,51,86,137
29-07-2011,49,81,130
30-07-2011,58,86,144
31-07-2011,48,83,131
01-08-2011,46,86,132
02-08-2011,58,93,151
03-08-2011,49,92,141
04-08-2011,48,79,127
05-08-2011,62,83,145
06-08-2011,49,84,133
07-08-2011,55,104,159
08-08-2011,72,92,164
09-08-2011,60,93,153
10-08-2011,60,84,144
11-08-2011,49,91,140
12-08-2011,45,111,156
13-08-2011,58,75,133
14-08-2011,65,84,149
15-08-2011,52,100,152
16-08-2011,51,92,143
17-08-2011,54,84,138
18-08-2011,60,100,160
19-08-2011,46,102,148
20-08-2011,51,78,129
21-08-2011,58,86,144
22-08-2011,54,89,143
23-08-2011,53,85,138
24-08-2011,59,82,141
25-08-2011,55,93,148
26-08-2011,53,86,139
27-08-2011,58,89,147
28-08-2011,50,86,136
29-08-2011,56,103,159
30-08-2011,46,92,138
31-08-2011,53,78,131
01-09-2011,45,79,124
02-09-2011,65,106,171
03-09-2011,50,100,150
04-09-2011,62,96,158
05-09-2011,72,83,155
06-09-2011,57,93,150
07-09-2011,47,99,146
08-09-2011,68,88,156
09-09-2011,57,97,154
10-09-2011,46,106,152
11-09-2011,65,105,170
12-09-2011,72,113,185
13-09-2011,55,88,143
14-09-2011,55,100,155
15-09-2011,70,99,169
16-09-2011,55,114,169
17-09-2011,55,86,141
18-09-2011,51,107,158
19-09-2011,60,89,149
20-09-2011,63,72,135
21-09-2011,67,98,165
22-09-2011,46,99,145
23-09-2011,41,80,121
24-09-2011,45,91,136
25-09-2011,55,82,137
26-09-2011,53,103,156
27-09-2011,54,79,133
28-09-2011,49,86,135
29-09-2011,51,91,142
30-09-2011,39,70,109
01-10-2011,49,85,134
02-10-2011,68,84,152
03-10-2011,47,88,135
04-10-2011,69,106,175
05-10-2011,50,90,140
06-10-2011,57,86,143
07-10-2011,67,84,151
08-10-2011,57,90,147
09-10-2011,49,98,147
10-10-2011,51,94,145
11-10-2011,47,74,121
12-10-2011,45,82,127
13-10-2011,54,87,141
14-10-2011,56,108,164
15-10-2011,61,88,149
16-10-2011,41,79,120
17-10-2011,47,70,117
18-10-2011,53,92,145
19-10-2011,57,93,150
20-10-2011,58,97,155
21-10-2011,46,84,130
22-10-2011,58,78,136
23-10-2011,53,73,126
24-10-2011,44,57,101
25-10-2011,54,87,141
26-10-2011,52,68,120
27-10-2011,58,90,148
28-10-2011,62,84,146
29-10-2011,56,87,143
30-10-2011,50,82,132
31-10-2011,65,90,155
01-11-2011,42,97,139
02-11-2011,51,97,148
03-11-2011,49,92,141
04-11-2011,64,98,162
05-11-2011,55,70,125
06-11-2011,53,107,160
07-11-2011,70,111,181
08-11-2011,66,106,172
09-11-2011,76,120,196
10-11-2011,68,100,168
11-11-2011,72,93,165
12-11-2011,69,103,172
13-11-2011,56,98,154
14-11-2011,68,114,182
15-11-2011,76,102,178
16-11-2011,82,130,212
17-11-2011,83,128,211
18-11-2011,63,85,148
19-11-2011,60,98,158
20-11-2011,60,104,164
21-11-2011,61,83,144
22-11-2011,57,84,141
23-11-2011,59,106,165
24-11-2011,68,96,164
25-11-2011,59,99,158
26-11-2011,66,87,153
27-11-2011,55,92,147
28-11-2011,67,88,155
29-11-2011,76,92,168
30-11-2011,51,98,149
01-12-2011,57,96,153
02-12-2011,64,108,172
03-12-2011,72,90,162
04-12-2011,46,94,140
05-12-2011,65,96,161
06-12-2011,60,77,137
07-12-2011,74,99,173
08-12-2011,57,85,142
09-12-2011,58,103,161
10-12-2011,67,90,157
11-12-2011,70,90,160
12-12-2011,63,92,155
13-12-2011,74,88,162
14-12-2011,42,101,143
15-12-2011,61,100,161
16-12-2011,70,97,167
17-12-2011,68,97,165
18-12-2011,62,112,174
19-12-2011,72,105,177
20-12-2011,78,81,159
21-12-2011,65,103,168
22-12-2011,71,100,171
23-12-2011,83,79,162
24-12-2011,70,91,161
25-12-2011,59,98,157
26-12-2011,76,106,182
27-12-2011,62,105,167
28-12-2011,53,93,146
29-12-2011,83,93,176
30-12-2011,53,92,145
31-12-2011,57,108,165
01-01-2012,60,126,186
02-01-2012,73,128,201
03-01-2012,72,117,189
04-01-2012,62,120,182
05-01-2012,66,125,191
06-01-2012,76,115,191
07-01-2012,72,98,170
08-01-2012,59,78,137
09-01-2012,80,113,193
10-01-2012,61,113,174
11-01-2012,68,97,165
12-01-2012,69,94,163
13-01-2012,57,81,138
14-01-2012,55,93,148
15-01-2012,63,108,171
16-01-2012,57,110,167
17-01-2012,75,96,171
18-01-2012,81,112,193
19-01-2012,76,109,185
20-01-2012,60,113,173
21-01-2012,63,88,151
22-01-2012,67,104,171
23-01-2012,66,111,177
24-01-2012,58,116,174
25-01-2012,72,110,182
26-01-2012,68,99,167
27-01-2012,69,93,162
28-01-2012,66,99,165
29-01-2012,65,108,173
30-01-2012,57,98,155
31-01-2012,78,108,186
01-02-2012,73,100,173
02-02-2012,59,86,145
03-02-2012,67,90,157
04-02-2012,66,96,162
05-02-2012,66,91,157
06-02-2012,68,108,176
07-02-2012,57,80,137
08-02-2012,58,89,147
09-02-2012,62,109,171
10-02-2012,58,83,141
11-02-2012,80,83,163
12-02-2012,69,108,177
13-02-2012,56,114,170
14-02-2012,73,96,169
15-02-2012,77,100,177
16-02-2012,53,100,153
17-02-2012,73,102,175
18-02-2012,57,94,151
19-02-2012,59,92,151
20-02-2012,55,90,145
21-02-2012,66,86,152
22-02-2012,72,81,153
23-02-2012,66,92,158
24-02-2012,62,84,146
25-02-2012,50,96,146
26-02-2012,55,113,168
27-02-2012,58,93,151
28-02-2012,62,81,143
29-02-2012,49,77,126
01-03-2012,53,86,139
02-03-2012,54,99,153
03-03-2012,60,97,157
04-03-2012,75,102,177
05-03-2012,58,93,151
06-03-2012,68,84,152
07-03-2012,76,93,169
08-03-2012,49,101,150
09-03-2012,47,103,150
10-03-2012,54,100,154
11-03-2012,63,88,151
12-03-2012,77,105,182
13-03-2012,64,99,163
14-03-2012,50,94,144
15-03-2012,55,101,156
16-03-2012,59,99,158
17-03-2012,67,98,165
18-03-2012,55,82,137
19-03-2012,55,80,135
20-03-2012,45,87,132
21-03-2012,51,79,130
22-03-2012,58,86,144
23-03-2012,40,79,119
24-03-2012,65,85,150
25-03-2012,36,84,120
26-03-2012,60,87,147
27-03-2012,60,104,164
28-03-2012,64,89,153
29-03-2012,56,93,149
30-03-2012,40,90,130
31-03-2012,52,79,131
01-04-2012,52,99,151
02-04-2012,37,72,109
03-04-2012,61,89,150
04-04-2012,60,94,154
05-04-2012,50,92,142
06-04-2012,55,80,135
07-04-2012,61,85,146
08-04-2012,48,78,126
09-04-2012,53,88,141
10-04-2012,56,78,134
11-04-2012,51,111,162
12-04-2012,53,83,136
13-04-2012,57,83,140
14-04-2012,64,101,165
15-04-2012,66,97,163
16-04-2012,59,107,166
17-04-2012,52,88,140
18-04-2012,70,92,162
19-04-2012,54,77,131
20-04-2012,67,81,148
21-04-2012,46,90,136
22-04-2012,67,86,153
23-04-2012,53,103,156
24-04-2012,63,105,168
25-04-2012,64,91,155
26-04-2012,63,90,153
27-04-2012,50,103,153
28-04-2012,57,79,136
29-04-2012,68,92,160
30-04-2012,52,108,160
01-05-2012,54,84,138
02-05-2012,57,80,137
03-05-2012,53,79,132
04-05-2012,71,99,170
05-05-2012,74,98,172
06-05-2012,53,90,143
07-05-2012,58,85,143
08-05-2012,62,89,151
09-05-2012,57,91,148
10-05-2012,55,83,138
11-05-2012,59,90,149
12-05-2012,52,91,143
13-05-2012,70,100,170
14-05-2012,64,103,167
15-05-2012,61,99,160
16-05-2012,65,94,159
17-05-2012,75,113,188
18-05-2012,70,109,179
19-05-2012,71,102,173
20-05-2012,72,96,168
21-05-2012,67,117,184
22-05-2012,77,94,171
23-05-2012,82,121,203
24-05-2012,84,123,207
25-05-2012,102,143,245
26-05-2012,116,147,263
27-05-2012,101,166,267
28-05-2012,135,147,282
29-05-2012,124,150,274
30-05-2012,151,153,304
31-05-2012,135,158,293
01-06-2012,117,152,269
02-06-2012,115,131,246
03-06-2012,111,143,254
04-06-2012,103,130,233
05-06-2012,96,132,228
06-06-2012,100,125,225
07-06-2012,93,103,196
08-06-2012,94,124,218
09-06-2012,59,112,171
10-06-2012,90,131,221
11-06-2012,87,117,204
12-06-2012,71,105,176
13-06-2012,66,81,147
14-06-2012,63,101,164
15-06-2012,51,83,134
16-06-2012,62,74,136
17-06-2012,69,95,164
18-06-2012,62,94,156
19-06-2012,41,96,137
20-06-2012,55,67,122
21-06-2012,50,94,144
22-06-2012,67,94,161
23-06-2012,57,82,139
24-06-2012,51,81,132
25-06-2012,56,98,154
26-06-2012,41,69,110
27-06-2012,59,63,122
28-06-2012,63,73,136
29-06-2012,52,69,121
30-06-2012,54,84,138
01-07-2012,39,76,115
02-07-2012,46,76,122
03-07-2012,47,84,131
04-07-2012,50,100,150
05-07-2012,73,101,174
06-07-2012,52,75,127
07-07-2012,50,87,137
08-07-2012,55,71,126
09-07-2012,53,86,139
10-07-2012,60,90,150
11-07-2012,65,93,158
12-07-2012,52,89,141
13-07-2012,54,90,144
14-07-2012,40,75,115
15-07-2012,56,90,146
16-07-2012,59,88,147
17-07-2012,51,73,124
18-07-2012,55,99,154
19-07-2012,45,103,148
20-07-2012,61,74,135
21-07-2012,54,95,149
22-07-2012,51,99,150
23-07-2012,64,90,154
24-07-2012,72,106,178
25-07-2012,60,88,148
26-07-2012,52,76,128
27-07-2012,46,91,137
28-07-2012,51,84,135
29-07-2012,49,87,136
30-07-2012,57,82,139
31-07-2012,49,69,118
01-08-2012,59,89,148
02-08-2012,60,73,133
03-08-2012,56,109,165
04-08-2012,57,78,135
05-08-2012,54,80,134
06-08-2012,68,95,163
07-08-2012,43,93,136
08-08-2012,59,93,152
09-08-2012,38,99,137
10-08-2012,56,93,149
11-08-2012,61,83,144
12-08-2012,54,85,139
13-08-2012,53,102,155
14-08-2012,48,98,146
15-08-2012,72,92,164
16-08-2012,36,94,130
17-08-2012,65,96,161
18-08-2012,44,97,141
19-08-2012,62,100,162
20-08-2012,65,93,158
21-08-2012,66,86,152
22-08-2012,60,90,150
23-08-2012,64,84,148
24-08-2012,53,87,140
25-08-2012,54,93,147
26-08-2012,41,91,132
27-08-2012,51,89,140
28-08-2012,54,74,128
29-08-2012,45,98,143
30-08-2012,49,83,132
31-08-2012,69,80,149
01-09-2012,60,103,163
02-09-2012,46,89,135
03-09-2012,65,94,159
04-09-2012,59,104,163
05-09-2012,55,98,153
06-09-2012,64,93,157
07-09-2012,45,96,141
08-09-2012,58,90,148
09-09-2012,56,95,151
10-09-2012,50,100,150
11-09-2012,62,101,163
12-09-2012,63,109,172
13-09-2012,55,102,157
14-09-2012,47,91,138
15-09-2012,44,86,130
16-09-2012,60,73,133
17-09-2012,70,94,164
18-09-2012,47,96,143
19-09-2012,58,93,151
20-09-2012,69,98,167
21-09-2012,74,88,162
22-09-2012,53,80,133
23-09-2012,61,93,154
24-09-2012,46,104,150
25-09-2012,65,101,166
26-09-2012,73,94,167
27-09-2012,60,80,140
28-09-2012,57,90,147
29-09-2012,45,99,144
30-09-2012,53,80,133
01-10-2012,56,103,159
02-10-2012,66,93,159
03-10-2012,63,98,161
04-10-2012,62,87,149
05-10-2012,54,91,145
06-10-2012,65,93,158
07-10-2012,65,74,139
08-10-2012,59,94,153
09-10-2012,62,96,158
10-10-2012,53,97,150
11-10-2012,58,107,165
12-10-2012,57,98,155
13-10-2012,50,81,131
14-10-2012,59,89,148
15-10-2012,59,85,144
16-10-2012,60,111,171
17-10-2012,63,87,150
18-10-2012,73,99,172
19-10-2012,49,86,135
20-10-2012,62,89,151
21-10-2012,57,88,145
22-10-2012,57,102,159
23-10-2012,55,87,142
24-10-2012,64,94,158
25-10-2012,69,104,173
26-10-2012,69,94,163
27-10-2012,49,104,153
28-10-2012,60,114,174
29-10-2012,59,113,172
30-10-2012,59,91,150
31-10-2012,77,109,186
01-11-2012,55,106,161
02-11-2012,56,139,195
03-11-2012,73,89,162
04-11-2012,66,107,173
05-11-2012,71,125,196
06-11-2012,80,90,170
07-11-2012,71,116,187
08-11-2012,67,92,159
09-11-2012,74,95,169
10-11-2012,68,105,173
11-11-2012,56,97,153
12-11-2012,62,95,157
13-11-2012,52,108,160
14-11-2012,51,106,157
15-11-2012,80,118,198
16-11-2012,74,106,180
17-11-2012,81,119,200
18-11-2012,73,103,176
19-11-2012,75,118,193
20-11-2012,67,96,163
21-11-2012,78,91,169
22-11-2012,61,99,160
23-11-2012,66,84,150
24-11-2012,62,116,178
25-11-2012,50,99,149
26-11-2012,62,97,159
27-11-2012,62,85,147
28-11-2012,56,98,154
29-11-2012,68,124,192
30-11-2012,68,97,165
01-12-2012,66,93,159
02-12-2012,65,100,165
03-12-2012,74,90,164
04-12-2012,54,92,146
05-12-2012,57,103,160
06-12-2012,58,94,152
07-12-2012,61,90,151
08-12-2012,62,106,168
09-12-2012,62,99,161
10-12-2012,66,111,177
11-12-2012,76,101,177
12-12-2012,77,112,189
13-12-2012,64,104,168
14-12-2012,53,105,158
15-12-2012,47,88,135
16-12-2012,64,74,138
17-12-2012,70,97,167
18-12-2012,67,95,162
19-12-2012,47,102,149
20-12-2012,70,110,180
21-12-2012,55,99,154
22-12-2012,72,93,165
23-12-2012,59,81,140
24-12-2012,54,107,161
25-12-2012,57,106,163
26-12-2012,59,86,145
27-12-2012,61,98,159
28-12-2012,45,103,148
29-12-2012,58,85,143
30-12-2012,74,105,179
31-12-2012,61,96,157
01-01-2013,53,102,155
02-01-2013,57,93,150
03-01-2013,59,96,155
04-01-2013,69,107,176
05-01-2013,54,89,143
06-01-2013,63,100,163
07-01-2013,64,90,154
08-01-2013,62,99,161
09-01-2013,49,93,142
10-01-2013,58,99,157
11-01-2013,70,96,166
12-01-2013,51,94,145
13-01-2013,65,96,161
14-01-2013,61,80,141
15-01-2013,55,92,147
16-01-2013,61,100,161
17-01-2013,56,93,149
18-01-2013,52,97,149
19-01-2013,57,111,168
20-01-2013,70,112,182
21-01-2013,82,107,189
22-01-2013,62,86,148
23-01-2013,54,120,174
24-01-2013,62,94,156
25-01-2013,69,116,185
26-01-2013,67,107,174
27-01-2013,67,97,164
28-01-2013,65,106,171
29-01-2013,62,79,141
30-01-2013,66,112,178
31-01-2013,56,109,165
01-02-2013,74,92,166
02-02-2013,69,75,144
03-02-2013,64,94,158
04-02-2013,66,109,175
05-02-2013,64,104,168
06-02-2013,55,104,159
07-02-2013,66,107,173
08-02-2013,63,105,168
09-02-2013,56,92,148
10-02-2013,54,104,158
11-02-2013,75,96,171
12-02-2013,60,95,155
13-02-2013,66,101,167
14-02-2013,79,98,177
15-02-2013,51,101,152
16-02-2013,58,92,150
17-02-2013,70,101,171
18-02-2013,56,98,154
19-02-2013,69,85,154
20-02-2013,65,88,153
21-02-2013,78,80,158
22-02-2013,59,88,147
23-02-2013,47,81,128
24-02-2013,63,83,146
25-02-2013,49,100,149
26-02-2013,59,95,154
27-02-2013,62,99,161
28-02-2013,55,97,152
01-03-2013,81,78,159
02-03-2013,60,97,157
03-03-2013,55,99,154
04-03-2013,59,84,143
05-03-2013,73,116,189
06-03-2013,60,81,141
07-03-2013,67,95,162
08-03-2013,52,99,151
09-03-2013,71,95,166
10-03-2013,61,97,158
11-03-2013,77,87,164
12-03-2013,55,86,141
13-03-2013,53,77,130
14-03-2013,49,104,153
15-03-2013,68,92,160
16-03-2013,56,84,140
17-03-2013,63,101,164
18-03-2013,51,110,161
19-03-2013,63,83,146
20-03-2013,60,96,156
21-03-2013,57,86,143
22-03-2013,40,94,134
23-03-2013,60,101,161
24-03-2013,58,101,159
25-03-2013,57,81,138
26-03-2013,56,83,139
27-03-2013,54,105,159
28-03-2013,78,82,160
29-03-2013,52,80,132
30-03-2013,52,63,115
31-03-2013,56,84,140
01-04-2013,65,93,158
02-04-2013,59,97,156
03-04-2013,56,112,168
04-04-2013,65,79,144
05-04-2013,71,87,158
06-04-2013,59,115,174
07-04-2013,62,82,144
08-04-2013,63,92,155
09-04-2013,63,108,171
10-04-2013,63,92,155
11-04-2013,72,99,171
12-04-2013,54,96,150
13-04-2013,72,84,156
14-04-2013,63,94,157
15-04-2013,53,91,144
16-04-2013,68,106,174
17-04-2013,58,94,152
18-04-2013,65,100,165
19-04-2013,60,105,165
20-04-2013,60,106,166
21-04-2013,72,78,150
22-04-2013,80,111,191
23-04-2013,51,90,141
24-04-2013,72,101,173
25-04-2013,59,72,131
26-04-2013,67,105,172
27-04-2013,65,86,151
28-04-2013,61,114,175
29-04-2013,74,99,173
30-04-2013,73,85,158
01-05-2013,81,100,181
02-05-2013,55,93,148
03-05-2013,76,107,183
04-05-2013,59,93,152
05-05-2013,81,120,201
06-05-2013,67,107,174
07-05-2013,69,111,180
08-05-2013,73,130,203
09-05-2013,62,112,174
10-05-2013,67,121,188
11-05-2013,83,101,184
12-05-2013,66,127,193
13-05-2013,70,104,174
14-05-2013,56,97,153
15-05-2013,67,98,165
16-05-2013,79,104,183
17-05-2013,78,113,191
18-05-2013,64,102,166
19-05-2013,51,110,161
20-05-2013,61,81,142
21-05-2013,70,107,177
22-05-2013,61,100,161
23-05-2013,58,118,176
24-05-2013,71,108,179
25-05-2013,68,121,189
26-05-2013,92,119,211
27-05-2013,83,101,184
28-05-2013,78,110,188
29-05-2013,66,103,169
30-05-2013,62,111,173
31-05-2013,59,107,166
01-06-2013,55,81,136
02-06-2013,47,88,135
03-06-2013,67,111,178
04-06-2013,57,94,151
05-06-2013,61,106,167
06-06-2013,49,87,136
07-06-2013,60,80,140
08-06-2013,48,80,128
09-06-2013,58,99,157
10-06-2013,72,101,173
11-06-2013,60,100,160
12-06-2013,56,92,148
13-06-2013,44,83,127
14-06-2013,53,99,152
15-06-2013,68,100,168
16-06-2013,58,105,163
17-06-2013,78,91,169
18-06-2013,72,120,192
19-06-2013,89,100,189
20-06-2013,70,115,185
21-06-2013,61,104,165
22-06-2013,61,95,156
23-06-2013,59,89,148
24-06-2013,52,82,134
25-06-2013,58,94,152
26-06-2013,61,109,170
27-06-2013,55,93,148
28-06-2013,59,106,165
29-06-2013,44,83,127
30-06-2013,50,106,156
01-07-2013,50,88,138
02-07-2013,50,81,131
03-07-2013,50,97,147
04-07-2013,60,87,147
05-07-2013,48,85,133
06-07-2013,36,79,115
07-07-2013,36,91,127
08-07-2013,44,75,119
09-07-2013,47,90,137
10-07-2013,50,81,131
11-07-2013,46,97,143
12-07-2013,67,79,146
13-07-2013,57,92,149
14-07-2013,71,82,153
15-07-2013,55,112,167
16-07-2013,56,98,154
17-07-2013,56,83,139
18-07-2013,61,88,149
19-07-2013,41,102,143
20-07-2013,60,67,127
21-07-2013,41,84,125
22-07-2013,61,91,152
23-07-2013,51,91,142
24-07-2013,58,96,154
25-07-2013,54,76,130
26-07-2013,59,92,151
27-07-2013,72,105,177
28-07-2013,72,85,157
29-07-2013,79,104,183
30-07-2013,57,80,137
31-07-2013,67,91,158
01-08-2013,79,109,188
02-08-2013,70,94,164
03-08-2013,70,110,180
04-08-2013,54,101,155
05-08-2013,60,86,146
06-08-2013,60,78,138
07-08-2013,49,88,137
08-08-2013,57,69,126
09-08-2013,50,79,129
10-08-2013,44,81,125
11-08-2013,59,102,161
12-08-2013,53,102,155
13-08-2013,53,87,140
14-08-2013,48,103,151
15-08-2013,53,79,132
16-08-2013,55,84,139
17-08-2013,78,102,180
18-08-2013,68,99,167
19-08-2013,55,114,169
20-08-2013,47,95,142
21-08-2013,64,106,170
22-08-2013,47,110,157
23-08-2013,63,89,152
24-08-2013,45,87,132
25-08-2013,62,87,149
26-08-2013,57,124,181
27-08-2013,61,106,167
28-08-2013,63,93,156
29-08-2013,53,107,160
30-08-2013,55,106,161
31-08-2013,46,86,132
01-09-2013,53,88,141
02-09-2013,70,110,180
03-09-2013,52,89,141
04-09-2013,57,94,151
05-09-2013,52,88,140
06-09-2013,54,88,142
07-09-2013,56,92,148
08-09-2013,56,84,140
09-09-2013,62,67,129
10-09-2013,53,92,145
11-09-2013,53,108,161
12-09-2013,52,101,153
13-09-2013,55,91,146
14-09-2013,46,98,144
15-09-2013,63,111,174
16-09-2013,62,88,150
17-09-2013,68,121,189
18-09-2013,68,123,191
19-09-2013,55,100,155
20-09-2013,60,74,134
21-09-2013,58,101,159
22-09-2013,58,87,145
23-09-2013,69,119,188
24-09-2013,71,119,190
25-09-2013,73,102,175
26-09-2013,61,105,166
27-09-2013,51,92,143
28-09-2013,63,99,162
29-09-2013,48,79,127
30-09-2013,62,93,155
01-10-2013,66,100,166
02-10-2013,69,96,165
03-10-2013,65,79,144
04-10-2013,60,105,165
05-10-2013,74,100,174
06-10-2013,65,87,152
07-10-2013,55,87,142
08-10-2013,62,97,159
09-10-2013,50,107,157
10-10-2013,63,93,156
11-10-2013,70,102,172
12-10-2013,60,92,152
13-10-2013,64,90,154
14-10-2013,56,87,143
15-10-2013,71,85,156
16-10-2013,73,87,160
17-10-2013,59,112,171
18-10-2013,60,93,153
19-10-2013,48,91,139
20-10-2013,54,96,150
21-10-2013,56,80,136
22-10-2013,59,107,166
23-10-2013,60,99,159
24-10-2013,69,133,202
25-10-2013,68,134,202
26-10-2013,71,89,160
27-10-2013,64,86,150
28-10-2013,56,85,141
29-10-2013,69,96,165
30-10-2013,70,91,161
31-10-2013,63,100,163
01-11-2013,58,82,140
02-11-2013,45,104,149
03-11-2013,57,104,161
04-11-2013,62,104,166
05-11-2013,61,90,151
06-11-2013,80,119,199
07-11-2013,65,104,169
08-11-2013,48,111,159
09-11-2013,50,100,150
10-11-2013,53,111,164
11-11-2013,62,99,161
12-11-2013,70,100,170
13-11-2013,60,97,157
14-11-2013,84,96,180
15-11-2013,57,85,142
16-11-2013,64,102,166
17-11-2013,74,93,167
18-11-2013,61,89,150
19-11-2013,71,95,166
20-11-2013,67,116,183
21-11-2013,75,116,191
22-11-2013,60,112,172
23-11-2013,66,100,166
24-11-2013,63,90,153
25-11-2013,60,96,156
26-11-2013,62,113,175
27-11-2013,61,92,153
28-11-2013,63,91,154
29-11-2013,58,96,154
30-11-2013,55,78,133
01-12-2013,66,93,159
02-12-2013,70,88,158
03-12-2013,59,89,148
04-12-2013,81,118,199
05-12-2013,69,119,188
06-12-2013,57,116,173
07-12-2013,60,87,147
08-12-2013,63,108,171
09-12-2013,62,107,169
10-12-2013,80,106,186
11-12-2013,80,134,214
12-12-2013,68,117,185
13-12-2013,66,98,164
14-12-2013,68,105,173
15-12-2013,70,81,151
16-12-2013,76,108,184
17-12-2013,66,111,177
18-12-2013,81,113,194
19-12-2013,72,99,171
20-12-2013,62,86,148
21-12-2013,80,114,194
22-12-2013,77,116,193
23-12-2013,85,98,183
24-12-2013,64,88,152
25-12-2013,72,101,173
26-12-2013,71,108,179
27-12-2013,70,94,164
28-12-2013,82,103,185
29-12-2013,79,97,176
30-12-2013,63,102,165
31-12-2013,70,101,171
01-01-2014,78,105,183
02-01-2014,62,112,174
03-01-2014,67,104,171
04-01-2014,75,99,174
05-01-2014,72,113,185
06-01-2014,60,110,170
07-01-2014,57,111,168
08-01-2014,75,87,162
09-01-2014,76,91,167
10-01-2014,52,91,143
11-01-2014,66,94,160
12-01-2014,71,89,160
13-01-2014,47,111,158
14-01-2014,61,91,152
15-01-2014,57,104,161
16-01-2014,75,108,183
17-01-2014,65,108,173
18-01-2014,84,97,181
19-01-2014,48,88,136
20-01-2014,44,106,150
21-01-2014,60,98,158
22-01-2014,84,99,183
23-01-2014,85,81,166
24-01-2014,62,102,164
25-01-2014,67,93,160
26-01-2014,72,91,163
27-01-2014,60,102,162
28-01-2014,56,112,168
29-01-2014,69,93,162
30-01-2014,69,96,165
31-01-2014,72,104,176
01-02-2014,62,87,149
02-02-2014,57,94,151
03-02-2014,73,105,178
04-02-2014,57,103,160
05-02-2014,60,88,148
06-02-2014,68,90,158
07-02-2014,67,113,180
08-02-2014,58,92,150
09-02-2014,52,95,147
10-02-2014,63,103,166
11-02-2014,75,89,164
12-02-2014,50,114,164
13-02-2014,68,96,164
14-02-2014,70,82,152
15-02-2014,64,81,145
16-02-2014,62,88,150
17-02-2014,79,110,189
18-02-2014,73,76,149
19-02-2014,70,96,166
20-02-2014,58,113,171
21-02-2014,52,82,134
22-02-2014,43,96,139
23-02-2014,60,95,155
24-02-2014,72,111,183
25-02-2014,48,103,151
26-02-2014,64,79,143
27-02-2014,67,94,161
28-02-2014,50,81,131
01-03-2014,58,104,162
02-03-2014,54,96,150
03-03-2014,73,105,178
04-03-2014,74,104,178
05-03-2014,58,78,136
06-03-2014,60,84,144
07-03-2014,60,83,143
08-03-2014,67,71,138
09-03-2014,62,99,161
10-03-2014,55,88,143
11-03-2014,54,83,137
12-03-2014,62,115,177
13-03-2014,65,105,170
14-03-2014,74,96,170
15-03-2014,60,91,151
16-03-2014,47,85,132
17-03-2014,48,104,152
18-03-2014,61,80,141
19-03-2014,57,82,139
20-03-2014,47,75,122
21-03-2014,54,90,144
22-03-2014,50,83,133
23-03-2014,64,89,153
24-03-2014,52,73,125
25-03-2014,66,83,149
26-03-2014,63,78,141
27-03-2014,44,84,128
28-03-2014,51,72,123
29-03-2014,66,110,176
30-03-2014,62,98,160
31-03-2014,56,86,142
01-04-2014,59,84,143
02-04-2014,54,109,163
03-04-2014,62,73,135
04-04-2014,47,84,131
05-04-2014,53,89,142
06-04-2014,51,81,132
07-04-2014,57,87,144
08-04-2014,50,100,150
09-04-2014,57,82,139
10-04-2014,64,85,149
11-04-2014,68,102,170
12-04-2014,73,103,176
13-04-2014,44,93,137
14-04-2014,49,71,120
15-04-2014,72,86,158
16-04-2014,56,93,149
17-04-2014,54,92,146
18-04-2014,59,75,134
19-04-2014,64,85,149
20-04-2014,54,72,126
21-04-2014,62,93,155
22-04-2014,46,87,133
23-04-2014,40,71,111
24-04-2014,51,103,154
25-04-2014,55,101,156
26-04-2014,68,103,171
27-04-2014,54,88,142
28-04-2014,49,89,138
29-04-2014,62,92,154
30-04-2014,72,79,151
01-05-2014,58,86,144
02-05-2014,52,83,135
03-05-2014,70,66,136
04-05-2014,72,82,154
05-05-2014,48,77,125
06-05-2014,46,80,126
07-05-2014,55,115,170
08-05-2014,52,75,127
09-05-2014,72,98,170
10-05-2014,61,84,145
11-05-2014,77,90,167
12-05-2014,71,107,178
13-05-2014,85,117,202
14-05-2014,68,98,166
15-05-2014,69,121,190
16-05-2014,74,115,189
17-05-2014,73,94,167
18-05-2014,84,105,189
19-05-2014,73,108,181
20-05-2014,72,86,158
21-05-2014,72,115,187
22-05-2014,77,95,172
23-05-2014,88,136,224
24-05-2014,77,140,217
25-05-2014,83,131,214
26-05-2014,105,128,233
27-05-2014,77,109,186
28-05-2014,56,98,154
29-05-2014,80,87,167
30-05-2014,79,126,205
31-05-2014,67,115,182
01-06-2014,83,123,206
02-06-2014,66,121,187
03-06-2014,66,111,177
04-06-2014,70,114,184
05-06-2014,90,139,229
06-06-2014,90,114,204
07-06-2014,67,109,176
08-06-2014,86,125,211
09-06-2014,67,92,159
10-06-2014,69,95,164
11-06-2014,81,109,190
12-06-2014,66,117,183
13-06-2014,69,105,174
14-06-2014,60,98,158
15-06-2014,84,106,190
16-06-2014,85,112,197
17-06-2014,89,125,214
18-06-2014,102,123,225
19-06-2014,90,120,210
20-06-2014,95,101,196
21-06-2014,75,101,176
22-06-2014,63,96,159
23-06-2014,84,90,174
24-06-2014,64,90,154
25-06-2014,77,118,195
26-06-2014,77,124,201
27-06-2014,71,111,182
28-06-2014,57,88,145
29-06-2014,46,96,142
30-06-2014,53,85,138
01-07-2014,59,96,155
02-07-2014,55,73,128
03-07-2014,66,126,192
04-07-2014,64,99,163
05-07-2014,62,104,166
06-07-2014,45,81,126
07-07-2014,63,88,151
08-07-2014,66,87,153
09-07-2014,69,89,158
10-07-2014,51,94,145
11-07-2014,50,96,146
12-07-2014,52,72,124
13-07-2014,60,99,159
14-07-2014,72,94,166
15-07-2014,55,95,150
16-07-2014,60,90,150
17-07-2014,69,95,164
18-07-2014,59,107,166
19-07-2014,66,85,151
20-07-2014,59,103,162
21-07-2014,45,105,150
22-07-2014,59,76,135
23-07-2014,48,95,143
24-07-2014,77,96,173
25-07-2014,60,86,146
26-07-2014,42,83,125
27-07-2014,59,84,143
28-07-2014,58,96,154
29-07-2014,48,74,122
30-07-2014,61,87,148
31-07-2014,63,82,145
01-08-2014,68,86,154
02-08-2014,66,71,137
03-08-2014,51,77,128
04-08-2014,58,83,141
05-08-2014,58,94,152
06-08-2014,56,88,144
07-08-2014,52,87,139
08-08-2014,52,100,152
09-08-2014,38,88,126
10-08-2014,45,79,124
11-08-2014,52,82,134
12-08-2014,49,127,176
13-08-2014,54,88,142
14-08-2014,54,91,145
15-08-2014,50,95,145
16-08-2014,54,99,153
17-08-2014,71,90,161
18-08-2014,60,113,173
19-08-2014,68,90,158
20-08-2014,65,99,164
21-08-2014,57,108,165
22-08-2014,57,81,138
23-08-2014,49,90,139
24-08-2014,46,87,133
25-08-2014,55,74,129
26-08-2014,43,85,128
27-08-2014,67,90,157
28-08-2014,58,89,147
29-08-2014,60,83,143
30-08-2014,42,103,145
31-08-2014,54,105,159
01-09-2014,71,125,196
02-09-2014,74,90,164
03-09-2014,60,82,142
04-09-2014,52,96,148
05-09-2014,59,98,157
06-09-2014,46,77,123
07-09-2014,49,85,134
08-09-2014,53,99,152
09-09-2014,60,100,160
10-09-2014,79,105,184
11-09-2014,63,90,153
12-09-2014,58,105,163
13-09-2014,56,89,145
14-09-2014,68,94,162
15-09-2014,53,97,150
16-09-2014,55,91,146
17-09-2014,60,90,150
18-09-2014,66,97,163
19-09-2014,70,88,158
20-09-2014,70,79,149
21-09-2014,56,107,163
22-09-2014,59,72,131
23-09-2014,70,92,162
24-09-2014,62,71,133
25-09-2014,74,95,169
26-09-2014,45,99,144
27-09-2014,56,104,160
28-09-2014,54,96,150
29-09-2014,65,93,158
30-09-2014,60,95,155
01-10-2014,65,94,159
02-10-2014,50,86,136
03-10-2014,67,68,135
04-10-2014,63,91,154
05-10-2014,64,86,150
06-10-2014,60,84,144
07-10-2014,55,98,153
08-10-2014,62,95,157
09-10-2014,60,81,141
10-10-2014,57,101,158
11-10-2014,50,80,130
12-10-2014,46,106,152
13-10-2014,69,113,182
14-10-2014,70,101,171
15-10-2014,32,93,125
16-10-2014,48,96,144
17-10-2014,43,99,142
18-10-2014,58,78,136
19-10-2014,56,83,139
20-10-2014,53,96,149
21-10-2014,50,104,154
22-10-2014,59,87,146
23-10-2014,56,114,170
24-10-2014,48,96,144
25-10-2014,60,102,162
26-10-2014,69,85,154
27-10-2014,77,100,177
28-10-2014,76,93,169
29-10-2014,63,112,175
30-10-2014,75,103,178
31-10-2014,54,106,160
01-11-2014,71,111,182
02-11-2014,62,92,154
03-11-2014,49,91,140
04-11-2014,74,112,186
05-11-2014,62,105,167
06-11-2014,69,115,184
07-11-2014,82,106,188
08-11-2014,58,106,164
09-11-2014,68,92,160
10-11-2014,75,114,189
11-11-2014,56,113,169
12-11-2014,77,86,163
13-11-2014,71,107,178
14-11-2014,68,101,169
15-11-2014,69,104,173
16-11-2014,71,117,188
17-11-2014,67,138,205
18-11-2014,66,108,174
19-11-2014,77,108,185
20-11-2014,78,112,190
21-11-2014,64,92,156
22-11-2014,69,101,170
23-11-2014,82,107,189
24-11-2014,71,103,174
25-11-2014,78,85,163
26-11-2014,62,105,167
27-11-2014,76,108,184
28-11-2014,65,108,173
29-11-2014,74,93,167
30-11-2014,76,91,167
01-12-2014,64,86,150
02-12-2014,60,122,182
03-12-2014,70,101,171
04-12-2014,72,112,184
05-12-2014,74,123,197
06-12-2014,93,101,194
07-12-2014,71,92,163
08-12-2014,71,120,191
09-12-2014,75,112,187
10-12-2014,83,113,196
11-12-2014,69,108,177
12-12-2014,76,118,194
13-12-2014,62,100,162
14-12-2014,67,99,166
15-12-2014,75,108,183
16-12-2014,66,103,169
17-12-2014,81,94,175
18-12-2014,70,95,165
19-12-2014,65,85,150
20-12-2014,66,104,170
21-12-2014,56,99,155
22-12-2014,61,100,161
23-12-2014,81,109,190
24-12-2014,80,99,179
25-12-2014,63,84,147
26-12-2014,73,116,189
27-12-2014,64,87,151
28-12-2014,66,108,174
29-12-2014,79,105,184
30-12-2014,80,100,180
31-12-2014,78,111,189
01-01-2015,77,110,187
02-01-2015,77,96,173
03-01-2015,79,127,206
04-01-2015,52,97,149
05-01-2015,65,99,164
06-01-2015,67,111,178
07-01-2015,72,115,187
08-01-2015,69,80,149
09-01-2015,79,101,180
10-01-2015,68,100,168
11-01-2015,63,113,176
12-01-2015,74,111,185
13-01-2015,64,112,176
14-01-2015,72,99,171
15-01-2015,65,100,165
16-01-2015,76,85,161
17-01-2015,61,84,145
18-01-2015,69,111,180
19-01-2015,71,105,176
20-01-2015,71,96,167
21-01-2015,85,95,180
22-01-2015,93,123,216
23-01-2015,83,110,193
24-01-2015,96,112,208
25-01-2015,69,116,185
26-01-2015,80,100,180
27-01-2015,76,104,180
28-01-2015,57,105,162
29-01-2015,61,98,159
30-01-2015,80,103,183
31-01-2015,77,105,182
01-02-2015,49,105,154
02-02-2015,66,93,159
03-02-2015,69,102,171
04-02-2015,58,85,143
05-02-2015,80,108,188
06-02-2015,68,102,170
07-02-2015,73,115,188
08-02-2015,81,75,156
09-02-2015,84,100,184
10-02-2015,67,105,172
11-02-2015,79,101,180
12-02-2015,80,101,181
13-02-2015,76,108,184
14-02-2015,64,76,140
15-02-2015,76,97,173
16-02-2015,84,109,193
17-02-2015,52,118,170
18-02-2015,64,115,179
19-02-2015,71,103,174
20-02-2015,64,94,158
21-02-2015,66,86,152
22-02-2015,68,91,159
23-02-2015,69,110,179
24-02-2015,62,107,169
25-02-2015,72,100,172
26-02-2015,59,100,159
27-02-2015,59,112,171
28-02-2015,66,91,157
01-03-2015,90,82,172
02-03-2015,47,118,165
03-03-2015,55,99,154
04-03-2015,75,107,182
05-03-2015,79,93,172
06-03-2015,66,111,177
07-03-2015,58,98,156
08-03-2015,74,113,187
09-03-2015,65,112,177
10-03-2015,73,87,160
11-03-2015,75,97,172
12-03-2015,81,89,170
13-03-2015,75,104,179
14-03-2015,72,90,162
15-03-2015,57,88,145
16-03-2015,53,80,133
17-03-2015,59,101,160
18-03-2015,72,108,180
19-03-2015,69,86,155
20-03-2015,70,87,157
21-03-2015,62,104,166
22-03-2015,54,89,143
23-03-2015,68,85,153
24-03-2015,50,87,137
25-03-2015,65,90,155
26-03-2015,54,101,155
27-03-2015,68,72,140
28-03-2015,59,101,160
29-03-2015,65,103,168
30-03-2015,65,114,179
31-03-2015,57,76,133
01-04-2015,65,88,153
02-04-2015,52,85,137
03-04-2015,50,78,128
04-04-2015,63,85,148
05-04-2015,58,91,149
06-04-2015,76,84,160
07-04-2015,61,103,164
08-04-2015,55,82,137
09-04-2015,69,104,173
10-04-2015,56,82,138
11-04-2015,47,100,147
12-04-2015,54,70,124
13-04-2015,54,89,143
14-04-2015,46,88,134
15-04-2015,67,85,152
16-04-2015,56,89,145
17-04-2015,62,102,164
18-04-2015,55,95,150
19-04-2015,50,92,142
20-04-2015,67,106,173
21-04-2015,80,105,185
22-04-2015,63,81,144
23-04-2015,50,96,146
24-04-2015,71,83,154
25-04-2015,60,83,143
26-04-2015,65,88,153
27-04-2015,60,103,163
28-04-2015,55,85,140
29-04-2015,48,98,146
30-04-2015,55,79,134
01-05-2015,72,85,157
02-05-2015,59,96,155
03-05-2015,54,98,152
04-05-2015,60,71,131
05-05-2015,75,93,168
06-05-2015,62,85,147
07-05-2015,69,97,166
08-05-2015,69,91,160
09-05-2015,71,92,163
10-05-2015,67,96,163
11-05-2015,63,82,145
12-05-2015,73,82,155
13-05-2015,75,88,163
14-05-2015,48,88,136
15-05-2015,56,97,153
16-05-2015,70,65,135
17-05-2015,56,83,139
18-05-2015,63,89,152
19-05-2015,65,95,160
20-05-2015,70,80,150
21-05-2015,68,90,158
22-05-2015,84,108,192
23-05-2015,64,117,181
24-05-2015,105,129,234
25-05-2015,83,138,221
26-05-2015,114,120,234
27-05-2015,79,103,182
28-05-2015,56,88,144
29-05-2015,71,100,171
30-05-2015,62,94,156
31-05-2015,68,96,164
01-06-2015,64,106,170
02-06-2015,62,90,152
03-06-2015,61,80,141
04-06-2015,63,64,127
05-06-2015,56,90,146
06-06-2015,59,101,160
07-06-2015,70,89,159
08-06-2015,61,95,156
09-06-2015,60,101,161
10-06-2015,62,97,159
11-06-2015,62,97,159
12-06-2015,51,89,140
13-06-2015,58,88,146
14-06-2015,58,93,151
15-06-2015,63,114,177
16-06-2015,74,107,181
17-06-2015,63,90,153
18-06-2015,55,97,152
19-06-2015,65,78,143
20-06-2015,51,84,135
21-06-2015,68,90,158
22-06-2015,61,124,185
23-06-2015,71,90,161
24-06-2015,69,100,169
25-06-2015,61,109,170
26-06-2015,71,103,174
27-06-2015,71,90,161
28-06-2015,51,88,139
29-06-2015,55,90,145
30-06-2015,61,96,157
01-07-2015,73,90,163
02-07-2015,52,76,128
03-07-2015,51,97,148
04-07-2015,73,103,176
05-07-2015,72,92,164
06-07-2015,71,87,158
07-07-2015,57,116,173
08-07-2015,67,102,169
09-07-2015,48,103,151
10-07-2015,64,106,170
11-07-2015,57,86,143
12-07-2015,58,89,147
13-07-2015,58,90,148
14-07-2015,56,91,147
15-07-2015,54,73,127
16-07-2015,60,89,149
17-07-2015,57,87,144
18-07-2015,49,68,117
19-07-2015,46,57,103
20-07-2015,50,93,143
21-07-2015,44,81,125
22-07-2015,58,74,132
23-07-2015,39,91,130
24-07-2015,49,87,136
25-07-2015,55,75,130
26-07-2015,44,88,132
27-07-2015,76,94,170
28-07-2015,57,104,161
29-07-2015,66,93,159
30-07-2015,66,87,153
31-07-2015,47,79,126
01-08-2015,63,93,156
02-08-2015,53,83,136
03-08-2015,48,94,142
04-08-2015,47,77,124
05-08-2015,54,82,136
06-08-2015,61,83,144
07-08-2015,60,84,144
08-08-2015,53,102,155
09-08-2015,60,72,132
10-08-2015,60,94,154
11-08-2015,65,92,157
12-08-2015,60,87,147
13-08-2015,64,85,149
14-08-2015,53,78,131
15-08-2015,60,90,150
16-08-2015,53,82,135
17-08-2015,68,96,164
18-08-2015,59,76,135
19-08-2015,48,97,145
20-08-2015,55,88,143
21-08-2015,49,88,137
22-08-2015,47,75,122
23-08-2015,51,86,137
24-08-2015,62,85,147
25-08-2015,67,99,166
26-08-2015,71,84,155
27-08-2015,62,81,143
28-08-2015,52,89,141
29-08-2015,62,89,151
30-08-2015,63,81,144
31-08-2015,74,87,161
01-09-2015,56,89,145
02-09-2015,50,86,136
03-09-2015,68,89,157
04-09-2015,58,104,162
05-09-2015,57,81,138
06-09-2015,51,93,144
07-09-2015,55,92,147
08-09-2015,48,81,129
09-09-2015,65,99,164
10-09-2015,54,87,141
11-09-2015,52,85,137
12-09-2015,56,94,150
13-09-2015,42,95,137
14-09-2015,41,94,135
15-09-2015,72,85,157
16-09-2015,66,102,168
17-09-2015,60,107,167
18-09-2015,66,115,181
19-09-2015,54,92,146
20-09-2015,46,94,140
21-09-2015,52,96,148
22-09-2015,44,102,146
23-09-2015,62,92,154
24-09-2015,61,103,164
25-09-2015,52,85,137
26-09-2015,50,96,146
27-09-2015,58,91,149
28-09-2015,61,95,156
29-09-2015,59,82,141
30-09-2015,53,85,138
01-10-2015,63,91,154
02-10-2015,51,86,137
03-10-2015,66,76,142
04-10-2015,56,75,131
05-10-2015,54,82,136
06-10-2015,54,80,134
07-10-2015,60,74,134
08-10-2015,63,79,142
09-10-2015,57,89,146
10-10-2015,67,78,145
11-10-2015,57,95,152
12-10-2015,75,107,182
13-10-2015,61,85,146
14-10-2015,73,117,190
15-10-2015,59,101,160
16-10-2015,54,85,139
17-10-2015,52,114,166
18-10-2015,85,96,181
19-10-2015,66,95,161
20-10-2015,75,104,179
21-10-2015,58,107,165
22-10-2015,58,103,161
23-10-2015,72,109,181
24-10-2015,54,108,162
25-10-2015,79,104,183
26-10-2015,84,113,197
27-10-2015,62,116,178
28-10-2015,81,85,166
29-10-2015,61,107,168
30-10-2015,79,122,201
31-10-2015,73,94,167
01-11-2015,81,89,170
02-11-2015,80,105,185
03-11-2015,72,115,187
04-11-2015,65,119,184
05-11-2015,82,114,196
06-11-2015,71,124,195
07-11-2015,74,113,187
08-11-2015,77,109,186
09-11-2015,79,111,190
10-11-2015,98,109,207
11-11-2015,76,116,192
12-11-2015,86,125,211
13-11-2015,78,110,188
14-11-2015,82,97,179
15-11-2015,86,123,209
16-11-2015,93,135,228
17-11-2015,82,134,216
18-11-2015,77,126,203
19-11-2015,90,126,216
20-11-2015,90,134,224
21-11-2015,100,104,204
22-11-2015,90,140,230
23-11-2015,91,109,200
24-11-2015,79,119,198
25-11-2015,84,145,229
26-11-2015,82,143,225
27-11-2015,87,119,206
28-11-2015,64,98,162
29-11-2015,88,114,202
30-11-2015,83,122,205
01-12-2015,74,122,196
02-12-2015,102,156,258
03-12-2015,89,126,215
04-12-2015,103,139,242
05-12-2015,90,98,188
06-12-2015,63,105,168
07-12-2015,77,108,185
08-12-2015,84,98,182
09-12-2015,80,106,186
10-12-2015,85,117,202
11-12-2015,87,112,199
12-12-2015,90,119,209
13-12-2015,85,105,190
14-12-2015,85,121,206
15-12-2015,91,121,212
16-12-2015,81,122,203
17-12-2015,76,122,198
18-12-2015,85,144,229
19-12-2015,77,116,193
20-12-2015,67,129,196
21-12-2015,95,117,212
22-12-2015,83,116,199
23-12-2015,68,107,175
24-12-2015,91,106,197
25-12-2015,68,112,180
26-12-2015,74,102,176
27-12-2015,76,129,205
28-12-2015,77,98,175
29-12-2015,67,105,172
30-12-2015,80,110,190
31-12-2015,96,115,211
01-01-2016,55,130,185
02-01-2016,77,109,186
03-01-2016,97,97,194
04-01-2016,80,109,189
05-01-2016,76,114,190
06-01-2016,80,108,188
07-01-2016,76,108,184
08-01-2016,72,93,165
09-01-2016,81,101,182
10-01-2016,83,103,186
11-01-2016,72,118,190
12-01-2016,59,123,182
13-01-2016,58,121,179
14-01-2016,76,112,188
15-01-2016,69,99,168
16-01-2016,73,134,207
17-01-2016,85,96,181
18-01-2016,89,113,202
19-01-2016,82,135,217
20-01-2016,72,129,201
21-01-2016,72,100,172
22-01-2016,81,94,175
23-01-2016,70,106,176
24-01-2016,75,100,175
25-01-2016,80,112,192
26-01-2016,83,114,197
27-01-2016,66,85,151
28-01-2016,64,100,164
29-01-2016,54,102,156
30-01-2016,66,95,161
31-01-2016,67,107,174
01-02-2016,59,104,163
02-02-2016,64,122,186
03-02-2016,86,83,169
04-02-2016,68,117,185
05-02-2016,68,105,173
06-02-2016,56,110,166
07-02-2016,56,98,154
08-02-2016,60,100,160
09-02-2016,64,101,165
10-02-2016,68,90,158
11-02-2016,67,98,165
12-02-2016,65,85,150
13-02-2016,63,97,160
14-02-2016,60,113,173
15-02-2016,67,108,175
16-02-2016,68,111,179
17-02-2016,59,98,157
18-02-2016,77,100,177
19-02-2016,64,90,154
20-02-2016,65,112,177
21-02-2016,56,82,138
22-02-2016,76,101,177
23-02-2016,56,99,155
24-02-2016,73,100,173
25-02-2016,71,103,174
26-02-2016,56,80,136
27-02-2016,63,92,155
28-02-2016,61,116,177
29-02-2016,66,80,146
01-03-2016,50,92,142
02-03-2016,60,85,145
03-03-2016,78,97,175
04-03-2016,60,99,159
05-03-2016,52,105,157
06-03-2016,63,106,169
07-03-2016,64,84,148
08-03-2016,52,81,133
09-03-2016,57,96,153
10-03-2016,58,104,162
11-03-2016,52,86,138
12-03-2016,69,97,166
13-03-2016,60,80,140
14-03-2016,62,97,159
15-03-2016,64,102,166
16-03-2016,65,96,161
17-03-2016,61,100,161
18-03-2016,63,82,145
19-03-2016,47,80,127
20-03-2016,60,79,139
21-03-2016,40,109,149
22-03-2016,49,84,133
23-03-2016,67,98,165
24-03-2016,50,107,157
25-03-2016,58,81,139
26-03-2016,50,90,140
27-03-2016,47,85,132
28-03-2016,60,81,141
29-03-2016,66,97,163
30-03-2016,55,75,130
31-03-2016,75,77,152
01-04-2016,54,87,141
02-04-2016,70,107,177
03-04-2016,74,89,163
04-04-2016,60,91,151
05-04-2016,59,95,154
06-04-2016,72,87,159
07-04-2016,69,84,153
08-04-2016,62,86,148
09-04-2016,52,82,134
10-04-2016,58,96,154
11-04-2016,60,103,163
12-04-2016,54,90,144
13-04-2016,70,94,164
14-04-2016,60,86,146
15-04-2016,48,103,151
16-04-2016,67,81,148
17-04-2016,69,98,167
18-04-2016,72,75,147
19-04-2016,52,91,143
20-04-2016,57,83,140
21-04-2016,55,66,121
22-04-2016,56,106,162
23-04-2016,79,92,171
24-04-2016,71,95,166
25-04-2016,80,104,184
26-04-2016,56,96,152
27-04-2016,63,107,170
28-04-2016,50,105,155
29-04-2016,73,78,151
30-04-2016,69,88,157
01-05-2016,67,91,158
02-05-2016,60,86,146
03-05-2016,68,92,160
04-05-2016,63,99,162
05-05-2016,43,88,131
06-05-2016,63,81,144
07-05-2016,66,99,165
08-05-2016,59,77,136
09-05-2016,77,87,164
10-05-2016,56,82,138
11-05-2016,60,104,164
12-05-2016,67,122,189
13-05-2016,81,114,195
14-05-2016,61,119,180
15-05-2016,67,89,156
16-05-2016,75,105,180
17-05-2016,55,91,146
18-05-2016,57,80,137
19-05-2016,44,77,121
20-05-2016,53,90,143
21-05-2016,63,127,190
22-05-2016,66,107,173
23-05-2016,62,105,167
24-05-2016,79,101,180
25-05-2016,75,104,179
26-05-2016,90,121,211
27-05-2016,80,110,190
28-05-2016,71,102,173
29-05-2016,77,116,193
30-05-2016,72,105,177
31-05-2016,66,89,155
01-06-2016,69,77,146
02-06-2016,64,103,167
03-06-2016,66,94,160
04-06-2016,53,78,131
05-06-2016,54,90,144
06-06-2016,81,82,163
07-06-2016,64,104,168
08-06-2016,65,74,139
09-06-2016,65,103,168
10-06-2016,63,89,152
11-06-2016,55,92,147
12-06-2016,52,91,143
13-06-2016,66,107,173
14-06-2016,71,121,192
15-06-2016,80,103,183
16-06-2016,75,95,170
17-06-2016,61,92,153
18-06-2016,67,75,142
19-06-2016,56,92,148
20-06-2016,53,96,149
21-06-2016,82,95,177
22-06-2016,49,76,125
23-06-2016,60,93,153
24-06-2016,57,85,142
25-06-2016,64,96,160
26-06-2016,48,99,147
27-06-2016,64,83,147
28-06-2016,65,83,148
29-06-2016,60,109,169
30-06-2016,56,90,146
01-07-2016,58,95,153
02-07-2016,63,94,157
03-07-2016,62,87,149
04-07-2016,60,99,159
05-07-2016,60,107,167
06-07-2016,57,92,149
07-07-2016,53,104,157
08-07-2016,65,92,157
09-07-2016,63,82,145
10-07-2016,66,118,184
11-07-2016,76,108,184
12-07-2016,79,101,180
13-07-2016,74,100,174
14-07-2016,64,82,146
15-07-2016,85,125,210
16-07-2016,59,87,146
17-07-2016,65,104,169
18-07-2016,61,82,143
19-07-2016,63,86,149
20-07-2016,43,87,130
21-07-2016,64,106,170
22-07-2016,58,82,140
23-07-2016,71,79,150
24-07-2016,60,65,125
25-07-2016,59,84,143
26-07-2016,52,92,144
27-07-2016,52,92,144
28-07-2016,70,66,136
29-07-2016,57,76,133
30-07-2016,52,83,135
31-07-2016,61,77,138
01-08-2016,65,90,155
02-08-2016,40,81,121
03-08-2016,57,99,156
04-08-2016,58,93,151
05-08-2016,58,87,145
06-08-2016,72,81,153
07-08-2016,62,95,157
08-08-2016,75,110,185
09-08-2016,70,95,165
10-08-2016,58,86,144
11-08-2016,73,90,163
12-08-2016,52,107,159
13-08-2016,51,90,141
14-08-2016,68,91,159
15-08-2016,65,80,145
16-08-2016,70,96,166
17-08-2016,57,100,157
18-08-2016,68,96,164
19-08-2016,73,92,165
20-08-2016,75,79,154
21-08-2016,69,101,170
22-08-2016,63,87,150
23-08-2016,64,85,149
24-08-2016,57,90,147
25-08-2016,49,85,134
26-08-2016,57,73,130
27-08-2016,61,88,149
28-08-2016,55,79,134
29-08-2016,57,104,161
30-08-2016,55,85,140
31-08-2016,54,89,143
01-09-2016,54,88,142
02-09-2016,52,90,142
03-09-2016,48,85,133
04-09-2016,64,100,164
05-09-2016,58,89,147
06-09-2016,64,85,149
07-09-2016,54,93,147
08-09-2016,77,92,169
09-09-2016,60,103,163
10-09-2016,57,102,159
11-09-2016,63,89,152
12-09-2016,55,82,137
13-09-2016,76,80,156
14-09-2016,57,94,151
15-09-2016,52,86,138
16-09-2016,52,78,130
17-09-2016,70,97,167
18-09-2016,71,96,167
19-09-2016,58,93,151
20-09-2016,56,88,144
21-09-2016,48,95,143
22-09-2016,57,111,168
23-09-2016,63,103,166
24-09-2016,67,84,151
25-09-2016,66,87,153
26-09-2016,78,117,195
27-09-2016,54,86,140
28-09-2016,55,99,154
29-09-2016,46,99,145
30-09-2016,76,93,169
01-10-2016,53,102,155
02-10-2016,54,72,126
03-10-2016,58,101,159
04-10-2016,62,91,153
05-10-2016,54,100,154
06-10-2016,61,105,166
07-10-2016,69,89,158
08-10-2016,55,81,136
09-10-2016,48,89,137
10-10-2016,77,89,166
11-10-2016,60,83,143
12-10-2016,64,74,138
13-10-2016,65,102,167
14-10-2016,64,88,152
15-10-2016,58,87,145
16-10-2016,60,84,144
17-10-2016,56,89,145
18-10-2016,59,76,135
19-10-2016,50,84,134
20-10-2016,47,77,124
21-10-2016,52,83,135
22-10-2016,48,77,125
23-10-2016,56,87,143
24-10-2016,68,82,150
25-10-2016,54,89,143
26-10-2016,63,94,157
27-10-2016,55,87,142
28-10-2016,70,70,140
29-10-2016,52,100,152
30-10-2016,63,105,168
31-10-2016,54,83,137
01-11-2016,67,91,158
02-11-2016,51,93,144
03-11-2016,57,87,144
04-11-2016,61,105,166
05-11-2016,74,87,161
06-11-2016,70,89,159
07-11-2016,56,92,148
08-11-2016,55,90,145
09-11-2016,56,98,154
10-11-2016,64,98,162
11-11-2016,80,102,182
12-11-2016,63,101,164
13-11-2016,54,99,153
14-11-2016,66,96,162
15-11-2016,60,89,149
16-11-2016,66,95,161
17-11-2016,72,98,170
18-11-2016,65,86,151
19-11-2016,45,100,145
20-11-2016,64,94,158
21-11-2016,66,115,181
22-11-2016,56,95,151
23-11-2016,69,95,164
24-11-2016,73,87,160
25-11-2016,65,86,151
26-11-2016,60,99,159
27-11-2016,59,78,137
28-11-2016,65,98,163
29-11-2016,64,90,154
30-11-2016,70,93,163
01-12-2016,65,81,146
02-12-2016,64,95,159
03-12-2016,71,92,163
04-12-2016,64,109,173
05-12-2016,59,99,158
06-12-2016,70,89,159
07-12-2016,67,107,174
08-12-2016,57,90,147
09-12-2016,69,112,181
10-12-2016,65,115,180
11-12-2016,75,91,166
12-12-2016,69,131,200
13-12-2016,78,107,185
14-12-2016,81,97,178
15-12-2016,72,115,187
16-12-2016,69,97,166
17-12-2016,75,103,178
18-12-2016,70,83,153
19-12-2016,73,101,174
20-12-2016,76,111,187
21-12-2016,67,122,189
22-12-2016,70,97,167
23-12-2016,59,86,145
24-12-2016,57,113,170
25-12-2016,69,109,178
26-12-2016,74,108,182
27-12-2016,75,123,198
28-12-2016,80,116,196
29-12-2016,84,108,192
30-12-2016,81,115,196
31-12-2016,76,100,176
01-01-2017,75,109,184
02-01-2017,83,127,210
03-01-2017,76,133,209
04-01-2017,73,95,168
05-01-2017,81,119,200
06-01-2017,68,100,168
07-01-2017,91,104,195
08-01-2017,71,103,174
09-01-2017,66,117,183
10-01-2017,60,111,171
11-01-2017,67,105,172
12-01-2017,85,102,187
13-01-2017,69,92,161
14-01-2017,61,115,176
15-01-2017,72,109,181
16-01-2017,72,111,183
17-01-2017,67,109,176
18-01-2017,73,125,198
19-01-2017,86,103,189
20-01-2017,77,110,187
21-01-2017,89,114,203
22-01-2017,88,105,193
23-01-2017,90,105,195
24-01-2017,83,107,190
25-01-2017,91,120,211
26-01-2017,79,114,193
27-01-2017,82,115,197
28-01-2017,72,118,190
29-01-2017,94,104,198
30-01-2017,67,114,181
31-01-2017,74,110,184
01-02-2017,80,116,196
02-02-2017,59,105,164
03-02-2017,62,113,175
04-02-2017,61,98,159
05-02-2017,72,112,184
06-02-2017,86,103,189
07-02-2017,59,114,173
08-02-2017,61,107,168
09-02-2017,71,100,171
10-02-2017,69,103,172
11-02-2017,57,95,152
12-02-2017,67,132,199
13-02-2017,80,96,176
14-02-2017,59,107,166
15-02-2017,65,95,160
16-02-2017,77,90,167
17-02-2017,70,107,177
18-02-2017,85,116,201
19-02-2017,75,96,171
20-02-2017,89,106,195
21-02-2017,87,104,191
22-02-2017,66,113,179
23-02-2017,64,104,168
24-02-2017,82,108,190
25-02-2017,61,107,168
26-02-2017,89,118,207
27-02-2017,70,89,159
28-02-2017,69,102,171
01-03-2017,53,105,158
02-03-2017,66,94,160
03-03-2017,59,96,155
04-03-2017,70,90,160
05-03-2017,77,107,184
06-03-2017,71,101,172
07-03-2017,76,102,178
08-03-2017,77,104,181
09-03-2017,66,90,156
10-03-2017,69,91,160
11-03-2017,63,106,169
12-03-2017,77,103,180
13-03-2017,89,95,184
14-03-2017,57,92,149
15-03-2017,61,101,162
16-03-2017,73,84,157
17-03-2017,64,101,165
18-03-2017,65,92,157
19-03-2017,66,74,140
20-03-2017,52,82,134
21-03-2017,56,108,164
22-03-2017,54,89,143
23-03-2017,59,89,148
24-03-2017,64,87,151
25-03-2017,66,101,167
26-03-2017,51,95,146
27-03-2017,63,103,166
28-03-2017,50,92,142
29-03-2017,60,96,156
30-03-2017,67,94,161
31-03-2017,76,94,170
01-04-2017,57,95,152
02-04-2017,62,83,145
03-04-2017,70,91,161
04-04-2017,68,92,160
05-04-2017,86,106,192
06-04-2017,48,93,141
07-04-2017,69,98,167
08-04-2017,67,84,151
09-04-2017,56,81,137
10-04-2017,68,86,154
11-04-2017,65,92,157
12-04-2017,68,86,154
13-04-2017,59,96,155
14-04-2017,48,86,134
15-04-2017,51,85,136
16-04-2017,59,79,138
17-04-2017,82,120,202
18-04-2017,75,109,184
19-04-2017,68,105,173
20-04-2017,49,77,126
21-04-2017,57,91,148
22-04-2017,73,82,155
23-04-2017,77,93,170
24-04-2017,83,100,183
25-04-2017,76,95,171
26-04-2017,66,75,141
27-04-2017,63,98,161
28-04-2017,78,96,174
29-04-2017,65,93,158
30-04-2017,60,83,143
01-05-2017,66,97,163
02-05-2017,49,87,136
03-05-2017,54,76,130
04-05-2017,74,83,157
05-05-2017,61,108,169
06-05-2017,72,103,175
07-05-2017,72,101,173
08-05-2017,70,95,165
09-05-2017,63,101,164
10-05-2017,61,106,167
11-05-2017,63,83,146
12-05-2017,72,93,165
13-05-2017,65,101,166
14-05-2017,72,106,178
15-05-2017,68,111,179
16-05-2017,96,122,218
17-05-2017,92,128,220
18-05-2017,87,126,213
19-05-2017,100,120,220
20-05-2017,80,113,193
21-05-2017,83,103,186
22-05-2017,103,120,223
23-05-2017,95,125,220
24-05-2017,79,105,184
25-05-2017,76,100,176
26-05-2017,78,127,205
27-05-2017,90,106,196
28-05-2017,73,121,194
29-05-2017,98,100,198
30-05-2017,89,116,205
31-05-2017,103,123,226
01-06-2017,87,118,205
02-06-2017,86,103,189
03-06-2017,95,115,210
04-06-2017,69,131,200
05-06-2017,95,124,219
06-06-2017,77,110,187
07-06-2017,80,81,161
08-06-2017,61,75,136
09-06-2017,63,88,151
10-06-2017,73,96,169
11-06-2017,71,114,185
12-06-2017,76,105,181
13-06-2017,81,92,173
14-06-2017,81,98,179
15-06-2017,64,91,155
16-06-2017,61,94,155
17-06-2017,68,81,149
18-06-2017,55,84,139
19-06-2017,66,82,148
20-06-2017,64,76,140
21-06-2017,51,92,143
22-06-2017,75,91,166
23-06-2017,70,93,163
24-06-2017,64,105,169
25-06-2017,56,80,136
26-06-2017,65,87,152
27-06-2017,65,89,154
28-06-2017,61,94,155
29-06-2017,69,89,158
30-06-2017,70,99,169
01-07-2017,92,92,184
02-07-2017,66,104,170
03-07-2017,72,113,185
04-07-2017,81,112,193
05-07-2017,72,93,165
06-07-2017,79,80,159
07-07-2017,76,98,174
08-07-2017,51,103,154
09-07-2017,68,110,178
10-07-2017,63,96,159
11-07-2017,67,101,168
12-07-2017,61,90,151
13-07-2017,62,107,169
14-07-2017,58,95,153
15-07-2017,54,108,162
16-07-2017,60,111,171
17-07-2017,75,76,151
18-07-2017,61,97,158
19-07-2017,64,106,170
20-07-2017,73,85,158
21-07-2017,57,108,165
22-07-2017,73,105,178
23-07-2017,85,111,196
24-07-2017,79,112,191
25-07-2017,76,124,200
26-07-2017,89,115,204
27-07-2017,63,86,149
28-07-2017,61,96,157
29-07-2017,63,91,154
30-07-2017,68,97,165
31-07-2017,66,92,158
01-08-2017,75,105,180
02-08-2017,58,73,131
03-08-2017,65,92,157
04-08-2017,59,86,145
05-08-2017,73,93,166
06-08-2017,73,85,158
07-08-2017,57,100,157
08-08-2017,60,123,183
09-08-2017,58,104,162
10-08-2017,54,123,177
11-08-2017,64,105,169
12-08-2017,63,88,151
13-08-2017,45,73,118
14-08-2017,79,111,190
15-08-2017,54,104,158
16-08-2017,70,92,162
17-08-2017,75,125,200
18-08-2017,50,109,159
19-08-2017,56,98,154
20-08-2017,65,105,170
21-08-2017,65,89,154
22-08-2017,58,94,152
23-08-2017,74,96,170
24-08-2017,58,88,146
25-08-2017,58,92,150
26-08-2017,73,104,177
27-08-2017,69,102,171
28-08-2017,83,108,191
29-08-2017,82,91,173
30-08-2017,92,114,206
31-08-2017,78,107,185
01-09-2017,70,110,180
02-09-2017,75,117,192
03-09-2017,57,102,159
04-09-2017,85,126,211
05-09-2017,74,125,199
06-09-2017,62,111,173
07-09-2017,78,113,191
08-09-2017,77,107,184
09-09-2017,79,134,213
10-09-2017,67,113,180
11-09-2017,70,132,202
12-09-2017,68,112,180
13-09-2017,82,103,185
14-09-2017,55,123,178
15-09-2017,57,123,180
16-09-2017,73,107,180
17-09-2017,70,107,177
18-09-2017,79,108,187
19-09-2017,85,105,190
20-09-2017,80,134,214
21-09-2017,100,119,219
22-09-2017,86,125,211
23-09-2017,74,130,204
24-09-2017,81,109,190
25-09-2017,63,102,165
26-09-2017,78,120,198
27-09-2017,64,117,181
28-09-2017,80,135,215
29-09-2017,92,100,192
30-09-2017,74,100,174
01-10-2017,73,120,193
02-10-2017,70,123,193
03-10-2017,66,122,188
04-10-2017,78,107,185
05-10-2017,71,109,180
06-10-2017,79,128,207
07-10-2017,69,102,171
08-10-2017,68,121,189
09-10-2017,71,104,175
10-10-2017,73,111,184
11-10-2017,93,107,200
12-10-2017,73,113,186
13-10-2017,57,121,178
14-10-2017,61,103,164
15-10-2017,78,100,178
16-10-2017,63,105,168
17-10-2017,72,99,171
18-10-2017,74,86,160
19-10-2017,69,123,192
20-10-2017,77,100,177
21-10-2017,63,124,187
22-10-2017,82,116,198
23-10-2017,62,114,176
24-10-2017,76,108,184
25-10-2017,75,104,179
26-10-2017,72,134,206
27-10-2017,70,100,170
28-10-2017,62,96,158
29-10-2017,76,104,180
30-10-2017,71,111,182
31-10-2017,79,103,182
01-11-2017,71,95,166
02-11-2017,60,97,157
03-11-2017,80,127,207
04-11-2017,80,117,197
05-11-2017,68,109,177
06-11-2017,82,92,174
07-11-2017,59,96,155
08-11-2017,68,94,162
09-11-2017,62,108,170
10-11-2017,85,106,191
11-11-2017,77,138,215
12-11-2017,64,98,162
13-11-2017,62,113,175
14-11-2017,66,101,167
15-11-2017,85,148,233
16-11-2017,85,148,233
17-11-2017,79,116,195
18-11-2017,77,111,188
19-11-2017,83,108,191
20-11-2017,84,115,199
21-11-2017,69,118,187
22-11-2017,88,104,192
23-11-2017,81,123,204
24-11-2017,61,107,168
25-11-2017,67,107,174
26-11-2017,58,128,186
27-11-2017,63,97,160
28-11-2017,75,101,176
29-11-2017,83,124,207
30-11-2017,73,104,177
01-12-2017,63,105,168
02-12-2017,51,102,153
03-12-2017,50,107,157
04-12-2017,71,105,176
05-12-2017,83,99,182
06-12-2017,82,95,177
07-12-2017,77,109,186
08-12-2017,70,95,165
09-12-2017,83,104,187
10-12-2017,64,110,174
11-12-2017,64,111,175
12-12-2017,74,101,175
13-12-2017,75,96,171
14-12-2017,62,101,163
15-12-2017,72,104,176
16-12-2017,56,109,165
17-12-2017,86,105,191
18-12-2017,77,111,188
19-12-2017,55,129,184
20-12-2017,77,111,188
21-12-2017,90,92,182
22-12-2017,64,102,166
23-12-2017,70,112,182
24-12-2017,61,97,158
25-12-2017,74,100,174
26-12-2017,77,111,188
27-12-2017,65,105,170
28-12-2017,83,132,215
29-12-2017,88,131,219
30-12-2017,61,107,168
31-12-2017,89,109,198
01-01-2018,89,113,202
02-01-2018,85,117,202
03-01-2018,77,114,191
04-01-2018,83,124,207
05-01-2018,80,104,184
06-01-2018,70,111,181
07-01-2018,95,117,212
08-01-2018,73,110,183
09-01-2018,75,109,184
10-01-2018,72,89,161
11-01-2018,70,118,188
12-01-2018,76,93,169
13-01-2018,61,110,171
14-01-2018,68,117,185
15-01-2018,82,100,182
16-01-2018,82,108,190
17-01-2018,72,123,195
18-01-2018,80,115,195
19-01-2018,70,108,178
20-01-2018,69,108,177
21-01-2018,79,88,167
22-01-2018,82,105,187
23-01-2018,67,96,163
24-01-2018,81,92,173
25-01-2018,74,113,187
26-01-2018,82,110,192
27-01-2018,77,98,175
28-01-2018,68,120,188
29-01-2018,79,100,179
30-01-2018,90,103,193
31-01-2018,65,87,152
01-02-2018,89,129,218
02-02-2018,82,119,201
03-02-2018,67,129,196
04-02-2018,95,111,206
05-02-2018,90,116,206
06-02-2018,83,120,203
07-02-2018,89,118,207
08-02-2018,93,116,209
09-02-2018,66,107,173
10-02-2018,89,102,191
11-02-2018,84,116,200
12-02-2018,78,114,192
13-02-2018,74,109,183
14-02-2018,89,93,182
15-02-2018,68,110,178
16-02-2018,69,121,190
17-02-2018,67,92,159
18-02-2018,74,111,185
19-02-2018,72,114,186
20-02-2018,74,127,201
21-02-2018,61,107,168
22-02-2018,74,125,199
23-02-2018,71,107,178
24-02-2018,66,96,162
25-02-2018,71,111,182
26-02-2018,65,100,165
27-02-2018,71,105,176
28-02-2018,74,115,189
01-03-2018,75,107,182
02-03-2018,56,85,141
03-03-2018,77,89,166
04-03-2018,70,101,171
05-03-2018,65,100,165
06-03-2018,69,110,179
07-03-2018,60,106,166
08-03-2018,53,107,160
09-03-2018,75,80,155
10-03-2018,70,102,172
11-03-2018,69,102,171
12-03-2018,70,106,176
13-03-2018,67,102,169
14-03-2018,73,102,175
15-03-2018,60,96,156
16-03-2018,61,119,180
17-03-2018,72,111,183
18-03-2018,69,103,172
19-03-2018,62,97,159
20-03-2018,58,111,169
21-03-2018,71,83,154
22-03-2018,79,100,179
23-03-2018,80,110,190
24-03-2018,60,99,159
25-03-2018,68,107,175
26-03-2018,66,87,153
27-03-2018,64,87,151
28-03-2018,58,97,155
29-03-2018,60,84,144
30-03-2018,55,98,153
31-03-2018,83,79,162
01-04-2018,64,101,165
02-04-2018,68,89,157
03-04-2018,63,104,167
04-04-2018,63,75,138
05-04-2018,64,96,160
06-04-2018,70,92,162
07-04-2018,59,93,152
08-04-2018,67,77,144
09-04-2018,65,86,151
10-04-2018,58,86,144
11-04-2018,69,85,154
12-04-2018,77,87,164
13-04-2018,55,92,147
14-04-2018,67,85,152
15-04-2018,91,100,191
16-04-2018,63,91,154
17-04-2018,62,95,157
18-04-2018,55,94,149
19-04-2018,50,88,138
20-04-2018,70,89,159
21-04-2018,60,108,168
22-04-2018,69,93,162
23-04-2018,76,99,175
24-04-2018,65,69,134
25-04-2018,76,93,169
26-04-2018,67,100,167
27-04-2018,67,92,159
28-04-2018,79,112,191
29-04-2018,65,96,161
30-04-2018,84,97,181
01-05-2018,56,102,158
02-05-2018,66,88,154
03-05-2018,60,101,161
04-05-2018,58,80,138
05-05-2018,68,97,165
06-05-2018,74,101,175
07-05-2018,61,100,161
08-05-2018,77,102,179
09-05-2018,71,110,181
10-05-2018,63,108,171
11-05-2018,61,95,156
12-05-2018,74,87,161
13-05-2018,62,93,155
14-05-2018,60,100,160
15-05-2018,68,95,163
16-05-2018,80,108,188
17-05-2018,71,102,173
18-05-2018,64,88,152
19-05-2018,64,108,172
20-05-2018,63,85,148
21-05-2018,62,94,156
22-05-2018,64,115,179
23-05-2018,67,106,173
24-05-2018,66,97,163
25-05-2018,51,84,135
26-05-2018,69,93,162
27-05-2018,65,97,162
28-05-2018,73,96,169
29-05-2018,64,108,172
30-05-2018,80,97,177
31-05-2018,90,109,199
01-06-2018,95,102,197
02-06-2018,70,106,176
03-06-2018,69,105,174
04-06-2018,78,112,190
05-06-2018,73,122,195
06-06-2018,72,95,167
07-06-2018,65,107,172
08-06-2018,67,100,167
09-06-2018,78,118,196
10-06-2018,68,113,181
11-06-2018,63,123,186
12-06-2018,73,97,170
13-06-2018,72,111,183
14-06-2018,60,120,180
15-06-2018,80,85,165
16-06-2018,56,103,159
17-06-2018,67,98,165
18-06-2018,70,104,174
19-06-2018,60,108,168
20-06-2018,80,105,185
21-06-2018,67,116,183
22-06-2018,68,89,157
23-06-2018,70,88,158
24-06-2018,71,92,163
25-06-2018,66,79,145
26-06-2018,71,87,158
27-06-2018,68,86,154
28-06-2018,55,78,133
29-06-2018,59,91,150
30-06-2018,67,99,166
01-07-2018,75,94,169
02-07-2018,74,95,169
03-07-2018,57,89,146
04-07-2018,73,94,167
05-07-2018,74,108,182
06-07-2018,73,101,174
07-07-2018,80,95,175
08-07-2018,63,105,168
09-07-2018,61,100,161
10-07-2018,57,109,166
11-07-2018,67,99,166
12-07-2018,49,95,144
13-07-2018,61,75,136
14-07-2018,65,101,166
15-07-2018,62,86,148
16-07-2018,73,107,180
17-07-2018,69,100,169
18-07-2018,65,94,159
19-07-2018,60,120,180
20-07-2018,75,113,188
21-07-2018,67,90,157
22-07-2018,73,86,159
23-07-2018,63,119,182
24-07-2018,77,99,176
25-07-2018,74,102,176
26-07-2018,63,108,171
27-07-2018,59,82,141
28-07-2018,61,85,146
29-07-2018,75,95,170
30-07-2018,72,104,176
31-07-2018,55,91,146
01-08-2018,73,82,155
02-08-2018,68,86,154
03-08-2018,54,62,116
04-08-2018,51,95,146
05-08-2018,55,91,146
06-08-2018,67,126,193
07-08-2018,56,92,148
08-08-2018,55,90,145
09-08-2018,55,77,132
10-08-2018,54,80,134
11-08-2018,65,94,159
12-08-2018,51,74,125
13-08-2018,52,95,147
14-08-2018,59,97,156
15-08-2018,70,99,169
16-08-2018,43,92,135
17-08-2018,75,96,171
18-08-2018,54,102,156
19-08-2018,69,81,150
20-08-2018,67,98,165
21-08-2018,65,109,174
22-08-2018,71,108,179
23-08-2018,83,107,190
24-08-2018,59,93,152
25-08-2018,63,104,167
26-08-2018,58,94,152
27-08-2018,65,84,149
28-08-2018,72,77,149
29-08-2018,52,95,147
30-08-2018,60,106,166
31-08-2018,54,101,155
01-09-2018,59,95,154
02-09-2018,32,89,121
03-09-2018,75,100,175
04-09-2018,63,116,179
05-09-2018,60,101,161
06-09-2018,71,94,165
07-09-2018,58,112,170
08-09-2018,64,79,143
09-09-2018,53,98,151
10-09-2018,59,88,147
11-09-2018,77,99,176
12-09-2018,67,119,186
13-09-2018,64,93,157
14-09-2018,52,93,145
15-09-2018,63,86,149
16-09-2018,76,86,162
17-09-2018,55,104,159
18-09-2018,66,80,146
19-09-2018,64,93,157
20-09-2018,60,92,152
21-09-2018,71,97,168
22-09-2018,67,93,160
23-09-2018,52,104,156
24-09-2018,62,103,165
25-09-2018,67,108,175
26-09-2018,61,82,143
27-09-2018,88,98,186
28-09-2018,65,88,153
29-09-2018,76,111,187
30-09-2018,61,98,159
01-10-2018,71,99,170
02-10-2018,72,97,169
03-10-2018,71,76,147
04-10-2018,61,84,145
05-10-2018,44,103,147
06-10-2018,57,90,147
07-10-2018,66,97,163
08-10-2018,58,115,173
09-10-2018,65,92,157
10-10-2018,73,94,167
11-10-2018,83,108,191
12-10-2018,78,110,188
13-10-2018,76,101,177
14-10-2018,67,108,175
15-10-2018,71,130,201
16-10-2018,77,95,172
17-10-2018,59,104,163
18-10-2018,70,117,187
19-10-2018,54,118,172
20-10-2018,81,112,193
21-10-2018,71,132,203
22-10-2018,81,116,197
23-10-2018,88,133,221
24-10-2018,61,105,166
25-10-2018,77,114,191
26-10-2018,81,119,200
27-10-2018,83,107,190
28-10-2018,94,115,209
29-10-2018,81,116,197
30-10-2018,86,128,214
31-10-2018,69,142,211
01-11-2018,74,112,186
02-11-2018,78,118,196
03-11-2018,68,121,189
04-11-2018,72,135,207
05-11-2018,82,117,199
06-11-2018,79,101,180
07-11-2018,81,130,211
08-11-2018,88,107,195
09-11-2018,84,125,209
10-11-2018,99,118,217
11-11-2018,79,114,193
12-11-2018,81,131,212
13-11-2018,77,129,206
14-11-2018,101,111,212
15-11-2018,89,133,222
16-11-2018,87,125,212
17-11-2018,79,115,194
18-11-2018,93,106,199
19-11-2018,72,107,179
20-11-2018,69,118,187
21-11-2018,80,105,185
22-11-2018,49,113,162
23-11-2018,86,115,201
24-11-2018,71,118,189
25-11-2018,62,103,165
26-11-2018,68,129,197
27-11-2018,76,101,177
28-11-2018,88,100,188
29-11-2018,76,106,182
30-11-2018,66,106,172
01-12-2018,74,114,188
02-12-2018,74,97,171
03-12-2018,79,116,195
04-12-2018,67,112,179
05-12-2018,78,89,167
06-12-2018,78,115,193
07-12-2018,80,112,192
08-12-2018,66,101,167
09-12-2018,71,90,161
10-12-2018,70,124,194
11-12-2018,71,127,198
12-12-2018,84,110,194
13-12-2018,60,100,160
14-12-2018,101,96,197
15-12-2018,60,110,170
16-12-2018,65,92,157
17-12-2018,80,111,191
18-12-2018,73,118,191
19-12-2018,80,117,197
20-12-2018,69,104,173
21-12-2018,84,110,194
22-12-2018,81,103,184
23-12-2018,61,119,180
24-12-2018,88,101,189
25-12-2018,81,114,195
26-12-2018,77,107,184
27-12-2018,64,125,189
28-12-2018,85,116,201
29-12-2018,78,102,180
30-12-2018,68,120,188
31-12-2018,66,118,184
01-01-2019,67,119,186
02-01-2019,63,113,176
03-01-2019,60,120,180
04-01-2019,95,107,202
05-01-2019,79,101,180
06-01-2019,77,101,178
07-01-2019,95,132,227
08-01-2019,91,112,203
09-01-2019,77,104,181
10-01-2019,79,108,187
11-01-2019,79,139,218
12-01-2019,96,112,208
13-01-2019,76,137,213
14-01-2019,96,115,211
15-01-2019,95,129,224
16-01-2019,89,116,205
17-01-2019,82,102,184
18-01-2019,90,130,220
19-01-2019,71,129,200
20-01-2019,71,93,164
21-01-2019,73,127,200
22-01-2019,94,124,218
23-01-2019,77,119,196
24-01-2019,90,105,195
25-01-2019,85,117,202
26-01-2019,97,126,223
27-01-2019,73,108,181
28-01-2019,91,116,207
29-01-2019,88,112,200
30-01-2019,74,111,185
31-01-2019,74,101,175
01-02-2019,88,103,191
02-02-2019,74,105,179
03-02-2019,72,115,187
04-02-2019,78,101,179
05-02-2019,72,113,185
06-02-2019,64,84,148
07-02-2019,74,124,198
08-02-2019,85,115,200
09-02-2019,70,110,180
10-02-2019,83,104,187
11-02-2019,66,103,169
12-02-2019,78,91,169
13-02-2019,77,96,173
14-02-2019,84,111,195
15-02-2019,74,111,185
16-02-2019,67,119,186
17-02-2019,69,109,178
18-02-2019,77,120,197
19-02-2019,64,115,179
20-02-2019,82,101,183
21-02-2019,73,103,176
22-02-2019,75,107,182
23-02-2019,77,113,190
24-02-2019,61,107,168
25-02-2019,76,97,173
26-02-2019,67,112,179
27-02-2019,74,86,160
28-02-2019,77,116,193
01-03-2019,87,127,214
02-03-2019,82,113,195
03-03-2019,80,97,177
04-03-2019,74,95,169
05-03-2019,63,118,181
06-03-2019,80,117,197
07-03-2019,69,106,175
08-03-2019,67,98,165
09-03-2019,71,84,155
10-03-2019,74,86,160
11-03-2019,89,112,201
12-03-2019,56,98,154
13-03-2019,65,102,167
14-03-2019,63,114,177
15-03-2019,72,116,188
16-03-2019,73,83,156
17-03-2019,57,115,172
18-03-2019,78,110,188
19-03-2019,67,119,186
20-03-2019,73,112,185
21-03-2019,75,101,176
22-03-2019,75,90,165
23-03-2019,65,91,156
24-03-2019,72,92,164
25-03-2019,75,98,173
26-03-2019,47,110,157
27-03-2019,75,82,157
28-03-2019,77,97,174
29-03-2019,75,90,165
30-03-2019,71,96,167
31-03-2019,63,87,150
01-04-2019,75,96,171
02-04-2019,60,101,161
03-04-2019,65,96,161
04-04-2019,69,89,158
05-04-2019,70,100,170
06-04-2019,64,97,161
07-04-2019,57,92,149
08-04-2019,60,91,151
09-04-2019,66,104,170
10-04-2019,62,101,163
11-04-2019,52,92,144
12-04-2019,64,101,165
13-04-2019,63,95,158
14-04-2019,65,95,160
15-04-2019,71,107,178
16-04-2019,67,96,163
17-04-2019,59,98,157
18-04-2019,70,107,177
19-04-2019,73,96,169
20-04-2019,58,97,155
21-04-2019,76,104,180
22-04-2019,74,108,182
23-04-2019,65,102,167
24-04-2019,62,94,156
25-04-2019,67,84,151
26-04-2019,76,103,179
27-04-2019,65,102,167
28-04-2019,60,76,136
29-04-2019,58,98,156
30-04-2019,64,98,162
01-05-2019,70,95,165
02-05-2019,75,105,180
03-05-2019,78,116,194
04-05-2019,70,108,178
05-05-2019,83,116,199
06-05-2019,74,112,186
07-05-2019,86,124,210
08-05-2019,79,115,194
09-05-2019,68,104,172
10-05-2019,84,101,185
11-05-2019,65,118,183
12-05-2019,86,111,197
13-05-2019,69,117,186
14-05-2019,72,108,180
15-05-2019,71,124,195
16-05-2019,81,92,173
17-05-2019,85,86,171
18-05-2019,73,106,179
19-05-2019,86,114,200
20-05-2019,61,103,164
21-05-2019,78,84,162
22-05-2019,85,120,205
23-05-2019,73,100,173
24-05-2019,88,112,200
25-05-2019,70,103,173
26-05-2019,70,115,185
27-05-2019,87,116,203
28-05-2019,76,107,183
29-05-2019,94,109,203
30-05-2019,87,80,167
31-05-2019,84,102,186
01-06-2019,74,109,183
02-06-2019,87,113,200
03-06-2019,76,107,183
04-06-2019,93,113,206
05-06-2019,100,125,225
06-06-2019,90,119,209
07-06-2019,90,117,207
08-06-2019,74,119,193
09-06-2019,97,121,218
10-06-2019,64,116,180
11-06-2019,92,114,206
12-06-2019,73,138,211
13-06-2019,105,117,222
14-06-2019,106,150,256
15-06-2019,105,131,236
16-06-2019,116,115,231
17-06-2019,100,133,233
18-06-2019,115,137,252
19-06-2019,108,133,241
20-06-2019,129,126,255
21-06-2019,82,120,202
22-06-2019,90,112,202
23-06-2019,90,96,186
24-06-2019,73,107,180
25-06-2019,72,108,180
26-06-2019,66,107,173
27-06-2019,69,92,161
28-06-2019,87,107,194
29-06-2019,71,94,165
30-06-2019,77,95,172
01-07-2019,81,120,201
02-07-2019,62,103,165
03-07-2019,54,83,137
04-07-2019,63,92,155
05-07-2019,60,99,159
06-07-2019,73,82,155
07-07-2019,67,95,162
08-07-2019,73,103,176
09-07-2019,76,107,183
10-07-2019,58,110,168
11-07-2019,61,85,146
12-07-2019,65,100,165
13-07-2019,63,118,181
14-07-2019,65,92,157
15-07-2019,68,98,166
16-07-2019,66,97,163
17-07-2019,56,95,151
18-07-2019,70,101,171
19-07-2019,55,101,156
20-07-2019,57,92,149
21-07-2019,60,105,165
22-07-2019,70,106,176
23-07-2019,70,96,166
24-07-2019,63,101,164
25-07-2019,47,96,143
26-07-2019,62,99,161
27-07-2019,68,103,171
28-07-2019,67,96,163
29-07-2019,70,95,165
30-07-2019,66,106,172
31-07-2019,81,103,184
01-08-2019,58,109,167
02-08-2019,69,113,182
03-08-2019,62,87,149
04-08-2019,58,111,169
05-08-2019,82,101,183
06-08-2019,73,112,185
07-08-2019,62,120,182
08-08-2019,61,107,168
09-08-2019,63,101,164
10-08-2019,65,127,192
11-08-2019,85,106,191
12-08-2019,61,108,169
13-08-2019,87,103,190
14-08-2019,59,95,154
15-08-2019,83,112,195
16-08-2019,72,106,178
17-08-2019,58,111,169
18-08-2019,60,95,155
19-08-2019,57,94,151
20-08-2019,70,86,156
21-08-2019,60,89,149
22-08-2019,85,97,182
23-08-2019,63,93,156
24-08-2019,83,107,190
25-08-2019,55,97,152
26-08-2019,62,108,170
27-08-2019,75,95,170
28-08-2019,68,116,184
29-08-2019,66,100,166
30-08-2019,82,117,199
31-08-2019,72,103,175
01-09-2019,52,90,142
02-09-2019,56,101,157
03-09-2019,81,101,182
04-09-2019,64,128,192
05-09-2019,65,89,154
06-09-2019,64,119,183
07-09-2019,67,98,165
08-09-2019,79,115,194
09-09-2019,82,119,201
10-09-2019,101,108,209
11-09-2019,75,98,173
12-09-2019,74,95,169
13-09-2019,86,139,225
14-09-2019,69,113,182
15-09-2019,64,118,182
16-09-2019,77,105,182
17-09-2019,51,100,151
18-09-2019,80,90,170
19-09-2019,70,120,190
20-09-2019,54,92,146
21-09-2019,60,117,177
22-09-2019,69,116,185
23-09-2019,73,116,189
24-09-2019,76,116,192
25-09-2019,69,120,189
26-09-2019,83,94,177
27-09-2019,75,101,176
28-09-2019,70,111,181
29-09-2019,55,119,174
30-09-2019,71,132,203
01-10-2019,71,98,169
02-10-2019,62,122,184
03-10-2019,71,116,187
04-10-2019,66,108,174
05-10-2019,79,124,203
06-10-2019,69,108,177
07-10-2019,91,113,204
08-10-2019,84,113,197
09-10-2019,81,106,187
10-10-2019,73,114,187
11-10-2019,86,103,189
12-10-2019,93,135,228
13-10-2019,82,117,199
14-10-2019,98,115,213
15-10-2019,76,125,201
16-10-2019,76,107,183
17-10-2019,53,110,163
18-10-2019,71,107,178
19-10-2019,75,107,182
20-10-2019,64,116,180
21-10-2019,69,113,182
22-10-2019,67,128,195
23-10-2019,84,142,226
24-10-2019,74,104,178
25-10-2019,79,128,207
26-10-2019,94,110,204
27-10-2019,78,114,192
28-10-2019,89,135,224
29-10-2019,86,126,212
30-10-2019,84,100,184
31-10-2019,80,111,191
01-11-2019,82,137,219
02-11-2019,102,131,233
03-11-2019,82,133,215
04-11-2019,96,156,252
05-11-2019,96,127,223
06-11-2019,102,130,232
07-11-2019,95,119,214
08-11-2019,81,143,224
09-11-2019,104,128,232
10-11-2019,68,116,184
11-11-2019,101,113,214
12-11-2019,85,118,203
13-11-2019,78,124,202
14-11-2019,95,129,224
15-11-2019,67,122,189
16-11-2019,80,106,186
17-11-2019,69,105,174
18-11-2019,93,113,206
19-11-2019,69,121,190
20-11-2019,74,94,168
21-11-2019,69,111,180
22-11-2019,68,119,187
23-11-2019,70,108,178
24-11-2019,75,119,194
25-11-2019,83,109,192
26-11-2019,88,101,189
27-11-2019,72,105,177
28-11-2019,77,107,184
29-11-2019,77,111,188
30-11-2019,82,121,203
01-12-2019,72,97,169
02-12-2019,77,114,191
03-12-2019,64,111,175
04-12-2019,82,96,178
05-12-2019,78,104,182
06-12-2019,64,115,179
07-12-2019,60,92,152
08-12-2019,86,124,210
09-12-2019,84,100,184
10-12-2019,63,105,168
11-12-2019,82,124,206
12-12-2019,84,105,189
13-12-2019,84,95,179
14-12-2019,82,118,200
15-12-2019,81,112,193
16-12-2019,77,128,205
17-12-2019,80,118,198
18-12-2019,84,97,181
19-12-2019,83,99,182
20-12-2019,64,104,168
21-12-2019,91,98,189
22-12-2019,59,81,140
23-12-2019,79,141,220
24-12-2019,90,119,209
25-12-2019,84,113,197
26-12-2019,59,95,154
27-12-2019,74,88,162
28-12-2019,80,98,178
29-12-2019,76,111,187
30-12-2019,60,101,161
31-12-2019,74,115,189
01-01-2020,79,133,212
02-01-2020,71,98,169
03-01-2020,62,133,195
04-01-2020,74,100,174
05-01-2020,94,106,200
06-01-2020,77,118,195
07-01-2020,84,96,180
08-01-2020,68,117,185
09-01-2020,77,107,184
10-01-2020,67,96,163
11-01-2020,76,104,180
12-01-2020,79,113,192
13-01-2020,75,102,177
14-01-2020,69,96,165
15-01-2020,71,118,189
16-01-2020,91,126,217
17-01-2020,63,120,183
18-01-2020,83,121,204
19-01-2020,91,114,205
20-01-2020,74,121,195
21-01-2020,76,125,201
22-01-2020,74,134,208
23-01-2020,78,108,186
24-01-2020,84,122,206
25-01-2020,76,100,176
26-01-2020,75,107,182
27-01-2020,69,105,174
28-01-2020,68,124,192
29-01-2020,72,109,181
30-01-2020,64,111,175
31-01-2020,78,106,184
01-02-2020,75,101,176
02-02-2020,85,118,203
03-02-2020,95,111,206
04-02-2020,79,92,171
05-02-2020,70,93,163
06-02-2020,75,138,213
07-02-2020,84,118,202
08-02-2020,52,122,174
09-02-2020,81,112,193
10-02-2020,79,105,184
11-02-2020,74,103,177
12-02-2020,87,116,203
13-02-2020,76,103,179
14-02-2020,87,104,191
15-02-2020,52,119,171
16-02-2020,83,105,188
17-02-2020,67,95,162
18-02-2020,74,112,186
19-02-2020,66,104,170
20-02-2020,74,104,178
21-02-2020,62,101,163
22-02-2020,53,105,158
23-02-2020,86,94,180
24-02-2020,77,109,186
25-02-2020,78,109,187
26-02-2020,73,96,169
27-02-2020,72,106,178
28-02-2020,83,108,191
29-02-2020,74,96,170
01-03-2020,66,85,151
02-03-2020,71,89,160
03-03-2020,77,113,190
04-03-2020,64,102,166
05-03-2020,70,91,161
06-03-2020,77,93,170
07-03-2020,55,94,149
08-03-2020,70,95,165
09-03-2020,58,111,169
10-03-2020,70,89,159
11-03-2020,76,93,169
12-03-2020,61,78,139
13-03-2020,73,101,174
14-03-2020,58,110,168
15-03-2020,75,96,171
16-03-2020,67,90,157
17-03-2020,79,103,182
18-03-2020,64,99,163
19-03-2020,77,101,178
20-03-2020,51,80,131
21-03-2020,71,93,164
22-03-2020,55,92,147
23-03-2020,76,111,187
24-03-2020,75,101,176
25-03-2020,76,87,163
26-03-2020,64,93,157
27-03-2020,69,70,139
28-03-2020,64,75,139
29-03-2020,54,83,137
30-03-2020,55,88,143
31-03-2020,63,79,142
01-04-2020,68,95,163
02-04-2020,53,87,140
03-04-2020,60,63,123
04-04-2020,64,84,148
05-04-2020,59,79,138
06-04-2020,56,64,120
07-04-2020,68,70,138
08-04-2020,52,67,119
09-04-2020,70,76,146
10-04-2020,61,65,126
11-04-2020,59,86,145
12-04-2020,52,80,132
13-04-2020,60,86,146
14-04-2020,46,68,114
15-04-2020,62,69,131
16-04-2020,61,60,121
17-04-2020,60,75,135
18-04-2020,55,77,132
19-04-2020,73,77,150
20-04-2020,55,65,120
21-04-2020,70,87,157
22-04-2020,79,85,164
23-04-2020,74,69,143
24-04-2020,69,81,150
25-04-2020,61,67,128
26-04-2020,51,77,128
27-04-2020,61,70,131
28-04-2020,53,82,135
29-04-2020,65,62,127
30-04-2020,76,78,154
01-05-2020,55,79,134
02-05-2020,73,93,166
03-05-2020,82,87,169
04-05-2020,56,75,131
05-05-2020,53,80,133
06-05-2020,80,71,151
07-05-2020,68,95,163
08-05-2020,69,94,163
09-05-2020,81,80,161
10-05-2020,99,105,204
11-05-2020,87,92,179
12-05-2020,79,91,170
13-05-2020,79,82,161
14-05-2020,82,86,168
15-05-2020,84,96,180
16-05-2020,102,103,205
17-05-2020,85,103,188
18-05-2020,89,99,188
19-05-2020,98,104,202
20-05-2020,113,109,222
21-05-2020,122,129,251
22-05-2020,142,142,284
23-05-2020,142,160,302
24-05-2020,132,170,302
25-05-2020,115,131,246
26-05-2020,116,158,274
27-05-2020,115,150,265
28-05-2020,124,169,293
29-05-2020,139,164,303
30-05-2020,111,202,313
31-05-2020,126,155,281
01-06-2020,109,164,273
02-06-2020,125,140,265
03-06-2020,126,143,269
04-06-2020,116,170,286
05-06-2020,101,169,270
06-06-2020,108,159,267
07-06-2020,97,152,249
08-06-2020,116,184,300
09-06-2020,127,190,317
10-06-2020,108,137,245
11-06-2020,98,132,230
12-06-2020,113,121,234
13-06-2020,118,162,280
14-06-2020,118,182,300
15-06-2020,117,164,281
16-06-2020,137,178,315
17-06-2020,112,150,262
18-06-2020,121,148,269
19-06-2020,134,178,312
20-06-2020,112,135,247
21-06-2020,90,139,229
22-06-2020,96,123,219
23-06-2020,100,140,240
24-06-2020,111,115,226
25-06-2020,102,140,242
26-06-2020,99,141,240
27-06-2020,96,155,251
28-06-2020,88,137,225
29-06-2020,96,147,243
30-06-2020,81,147,228
01-07-2020,83,123,206
02-07-2020,78,134,212
03-07-2020,106,122,228
04-07-2020,84,128,212
05-07-2020,85,115,200
06-07-2020,88,118,206
07-07-2020,97,141,238
08-07-2020,89,143,232
09-07-2020,87,126,213
10-07-2020,100,132,232
11-07-2020,89,116,205
12-07-2020,96,103,199
13-07-2020,92,116,208
14-07-2020,78,116,194
15-07-2020,74,121,195
16-07-2020,73,118,191
17-07-2020,80,119,199
18-07-2020,85,123,208
19-07-2020,63,118,181
20-07-2020,74,114,188
21-07-2020,62,127,189
22-07-2020,77,140,217
23-07-2020,89,113,202
24-07-2020,79,130,209
25-07-2020,66,120,186
26-07-2020,70,87,157
27-07-2020,95,131,226
28-07-2020,85,133,218
29-07-2020,87,103,190
30-07-2020,74,117,191
31-07-2020,82,114,196
01-08-2020,92,129,221
02-08-2020,74,129,203
03-08-2020,73,122,195
04-08-2020,89,116,205
05-08-2020,79,120,199
06-08-2020,95,122,217
07-08-2020,73,119,192
08-08-2020,78,146,224
09-08-2020,73,106,179
10-08-2020,88,118,206
11-08-2020,72,131,203
12-08-2020,80,117,197
13-08-2020,80,132,212
14-08-2020,81,137,218
15-08-2020,66,140,206
16-08-2020,95,120,215
17-08-2020,105,141,246
18-08-2020,110,139,249
19-08-2020,88,123,211
20-08-2020,87,144,231
21-08-2020,94,118,212
22-08-2020,95,130,225
23-08-2020,92,129,221
24-08-2020,82,156,238
25-08-2020,70,140,210
26-08-2020,92,129,221
27-08-2020,104,138,242
28-08-2020,100,128,228
29-08-2020,109,148,257
30-08-2020,93,152,245
31-08-2020,94,161,255
01-09-2020,112,165,277
02-09-2020,80,149,229
03-09-2020,88,131,219
04-09-2020,94,133,227
05-09-2020,91,166,257
06-09-2020,86,168,254
07-09-2020,93,173,266
08-09-2020,113,167,280
09-09-2020,79,151,230
10-09-2020,80,141,221
11-09-2020,89,171,260
12-09-2020,68,147,215
13-09-2020,82,107,189
14-09-2020,69,149,218
15-09-2020,83,115,198
16-09-2020,89,155,244
17-09-2020,98,158,256
18-09-2020,101,148,249
19-09-2020,60,153,213
20-09-2020,77,116,193
21-09-2020,90,158,248
22-09-2020,105,153,258
23-09-2020,84,164,248
24-09-2020,79,144,223
25-09-2020,86,157,243
26-09-2020,79,145,224
27-09-2020,105,150,255
28-09-2020,85,155,240
29-09-2020,93,134,227
30-09-2020,77,160,237
01-10-2020,79,127,206
02-10-2020,97,159,256
03-10-2020,72,150,222
04-10-2020,80,132,212
05-10-2020,93,136,229
06-10-2020,98,156,254
07-10-2020,93,152,245
08-10-2020,94,144,238
09-10-2020,97,161,258
10-10-2020,88,135,223
11-10-2020,83,111,194
12-10-2020,83,150,233
13-10-2020,90,144,234
14-10-2020,84,145,229
15-10-2020,85,151,236
16-10-2020,103,146,249
17-10-2020,83,133,216
18-10-2020,73,122,195
19-10-2020,86,123,209
20-10-2020,78,127,205
21-10-2020,82,117,199
22-10-2020,76,133,209
23-10-2020,79,129,208
24-10-2020,81,109,190
25-10-2020,83,132,215
26-10-2020,83,122,205
27-10-2020,75,124,199
28-10-2020,63,110,173
29-10-2020,70,135,205
30-10-2020,79,118,197
31-10-2020,61,109,170
01-11-2020,83,126,209
02-11-2020,85,122,207
03-11-2020,107,139,246
04-11-2020,79,137,216
05-11-2020,98,127,225
06-11-2020,91,117,208
07-11-2020,69,122,191
08-11-2020,75,120,195
09-11-2020,77,133,210
10-11-2020,80,100,180
11-11-2020,84,114,198
12-11-2020,74,129,203
13-11-2020,74,108,182
14-11-2020,83,126,209
15-11-2020,62,144,206
16-11-2020,72,120,192
17-11-2020,59,135,194
18-11-2020,69,113,182
19-11-2020,70,110,180
20-11-2020,85,129,214
21-11-2020,74,140,214
22-11-2020,69,124,193
23-11-2020,79,135,214
24-11-2020,72,119,191
25-11-2020,90,129,219
26-11-2020,89,117,206
27-11-2020,75,131,206
28-11-2020,80,119,199
29-11-2020,86,116,202
30-11-2020,79,153,232
01-12-2020,71,123,194
02-12-2020,83,119,202
03-12-2020,72,133,205
04-12-2020,89,116,205
05-12-2020,80,126,206
06-12-2020,85,144,229
07-12-2020,99,135,234
08-12-2020,84,129,213
09-12-2020,95,132,227
10-12-2020,74,133,207
11-12-2020,84,138,222
12-12-2020,86,138,224
13-12-2020,93,121,214
14-12-2020,97,142,239
15-12-2020,90,123,213
16-12-2020,79,130,209
17-12-2020,97,147,244
18-12-2020,111,138,249
19-12-2020,86,125,211
20-12-2020,88,131,219
21-12-2020,85,126,211
22-12-2020,97,124,221
23-12-2020,94,118,212
24-12-2020,98,135,233
25-12-2020,94,131,225
26-12-2020,92,119,211
27-12-2020,95,129,224
28-12-2020,89,127,216
29-12-2020,65,135,200
30-12-2020,86,131,217
31-12-2020,64,136,200
01-01-2021,70,121,191
02-01-2021,77,133,210
03-01-2021,86,110,196
04-01-2021,76,116,192
05-01-2021,78,126,204
06-01-2021,80,136,216
07-01-2021,79,112,191
08-01-2021,83,130,213
09-01-2021,85,113,198
10-01-2021,88,119,207
11-01-2021,86,119,205
12-01-2021,85,101,186
13-01-2021,95,99,194
14-01-2021,69,107,176
15-01-2021,74,147,221
16-01-2021,80,115,195
17-01-2021,91,109,200
18-01-2021,91,125,216
19-01-2021,77,125,202
20-01-2021,81,104,185
21-01-2021,88,128,216
22-01-2021,89,115,204
23-01-2021,90,126,216
24-01-2021,69,112,181
25-01-2021,89,118,207
26-01-2021,79,122,201
27-01-2021,63,112,175
28-01-2021,96,112,208
29-01-2021,82,107,189
30-01-2021,83,105,188
31-01-2021,70,113,183
01-02-2021,83,112,195
02-02-2021,81,103,184
03-02-2021,85,105,190
04-02-2021,78,112,190
05-02-2021,66,102,168
06-02-2021,84,122,206
07-02-2021,82,101,183
08-02-2021,75,124,199
09-02-2021,80,106,186
10-02-2021,78,109,187
11-02-2021,65,101,166
12-02-2021,79,127,206
13-02-2021,80,117,197
14-02-2021,66,106,172
15-02-2021,66,117,183
16-02-2021,86,111,197
17-02-2021,79,121,200
18-02-2021,69,128,197
19-02-2021,88,135,223
20-02-2021,61,101,162
21-02-2021,54,105,159
22-02-2021,74,106,180
23-02-2021,83,116,199
24-02-2021,82,110,192
25-02-2021,70,100,170
26-02-2021,68,90,158
27-02-2021,82,107,189
28-02-2021,59,117,176
01-03-2021,67,116,183
02-03-2021,73,111,184
03-03-2021,78,126,204
04-03-2021,77,102,179
05-03-2021,79,99,178
06-03-2021,69,105,174
07-03-2021,81,105,186
08-03-2021,65,124,189
09-03-2021,75,107,182
10-03-2021,77,104,181
11-03-2021,78,109,187
12-03-2021,68,98,166
13-03-2021,70,110,180
14-03-2021,62,104,166
15-03-2021,86,93,179
16-03-2021,67,117,184
17-03-2021,69,105,174
18-03-2021,69,103,172
19-03-2021,75,96,171
20-03-2021,71,94,165
21-03-2021,83,101,184
22-03-2021,80,115,195
23-03-2021,74,96,170
24-03-2021,73,98,171
25-03-2021,66,94,160
26-03-2021,72,128,200
27-03-2021,83,108,191
28-03-2021,64,107,171
29-03-2021,74,121,195
30-03-2021,73,113,186
31-03-2021,91,119,210
01-04-2021,87,106,193
02-04-2021,74,123,197
03-04-2021,77,120,197
04-04-2021,92,117,209
05-04-2021,74,90,164
06-04-2021,87,99,186
07-04-2021,64,110,174
08-04-2021,69,122,191
09-04-2021,72,148,220
10-04-2021,81,116,197
11-04-2021,87,106,193
12-04-2021,86,119,205
13-04-2021,84,122,206
14-04-2021,78,139,217
15-04-2021,84,109,193
16-04-2021,91,139,230
17-04-2021,82,141,223
18-04-2021,88,147,235
19-04-2021,89,151,240
20-04-2021,83,126,209
21-04-2021,81,128,209
22-04-2021,91,135,226
23-04-2021,93,131,224
24-04-2021,111,134,245
25-04-2021,95,130,225
26-04-2021,71,120,191
27-04-2021,83,115,198
28-04-2021,68,114,182
29-04-2021,64,122,186
30-04-2021,67,94,161
01-05-2021,57,74,131
02-05-2021,46,84,130
03-05-2021,55,102,157
04-05-2021,54,76,130
05-05-2021,37,49,86
06-05-2021,37,49,86
07-05-2021,41,42,83
08-05-2021,16,30,46
09-05-2021,16,30,46
10-05-2021,20,24,44
11-05-2021,18,18,36
12-05-2021,14,13,27
13-05-2021,7,16,23
14-05-2021,11,7,18
15-05-2021,6,4,10
,,,0
