Date,Deceased Females,Deceased Males,Total Deaths
2010-01-01,69,128,197
2010-01-02,72,111,183
2010-01-03,70,88,158
2010-01-04,63,89,152
2010-01-05,75,104,179
2010-01-06,69,106,175
2010-01-07,63,103,166
2010-01-08,50,111,161
2010-01-09,73,107,180
2010-01-10,62,127,189
2010-01-11,83,119,202
2010-01-12,72,110,182
2010-01-13,67,113,180
2010-01-14,80,98,178
2010-01-15,84,97,181
2010-01-16,75,104,179
2010-01-17,44,90,134
2010-01-18,63,96,159
2010-01-19,50,111,161
2010-01-20,56,115,171
2010-01-21,74,102,176
2010-01-22,66,94,160
2010-01-23,70,103,173
2010-01-24,69,89,158
2010-01-25,58,103,161
2010-01-26,56,117,173
2010-01-27,66,93,159
2010-01-28,61,83,144
2010-01-29,56,92,148
2010-01-30,67,94,161
2010-01-31,68,95,163
2010-02-01,63,99,162
2010-02-02,55,97,152
2010-02-03,55,87,142
2010-02-04,62,88,150
2010-02-05,63,86,149
2010-02-06,51,96,147
2010-02-07,73,84,157
2010-02-08,64,106,170
2010-02-09,62,107,169
2010-02-10,71,102,173
2010-02-11,66,105,171
2010-02-12,72,96,168
2010-02-13,66,94,160
2010-02-14,40,98,138
2010-02-15,60,100,160
2010-02-16,72,91,163
2010-02-17,71,92,163
2010-02-18,61,87,148
2010-02-19,67,81,148
2010-02-20,53,77,130
2010-02-21,56,83,139
2010-02-22,55,102,157
2010-02-23,58,96,154
2010-02-24,56,102,158
2010-02-25,55,91,146
2010-02-26,61,91,152
2010-02-27,56,77,133
2010-02-28,59,104,163
2010-03-01,67,101,168
2010-03-02,45,85,130
2010-03-03,68,80,148
2010-03-04,60,97,157
2010-03-05,62,96,158
2010-03-06,56,88,144
2010-03-07,53,77,130
2010-03-08,53,91,144
2010-03-09,63,83,146
2010-03-10,61,91,152
2010-03-11,65,78,143
2010-03-12,51,84,135
2010-03-13,66,76,142
2010-03-14,42,72,114
2010-03-15,73,78,151
2010-03-16,69,85,154
2010-03-17,56,83,139
2010-03-18,54,88,142
2010-03-19,48,79,127
2010-03-20,53,74,127
2010-03-21,59,86,145
2010-03-22,62,73,135
2010-03-23,51,72,123
2010-03-24,45,66,111
2010-03-25,49,92,141
2010-03-26,64,65,129
2010-03-27,47,100,147
2010-03-28,57,88,145
2010-03-29,53,93,146
2010-03-30,64,86,150
2010-03-31,67,64,131
2010-04-01,56,93,149
2010-04-02,55,92,147
2010-04-03,63,95,158
2010-04-04,51,89,140
2010-04-05,55,85,140
2010-04-06,51,61,112
2010-04-07,59,74,133
2010-04-08,52,94,146
2010-04-09,61,92,153
2010-04-10,58,79,137
2010-04-11,68,89,157
2010-04-12,50,74,124
2010-04-13,62,82,144
2010-04-14,53,86,139
2010-04-15,50,80,130
2010-04-16,49,81,130
2010-04-17,50,74,124
2010-04-18,50,90,140
2010-04-19,48,67,115
2010-04-20,62,82,144
2010-04-21,58,91,149
2010-04-22,53,77,130
2010-04-23,61,84,145
2010-04-24,45,80,125
2010-04-25,41,89,130
2010-04-26,55,94,149
2010-04-27,63,74,137
2010-04-28,65,85,150
2010-04-29,62,75,137
2010-04-30,64,73,137
2010-05-01,43,84,127
2010-05-02,55,75,130
2010-05-03,50,96,146
2010-05-04,61,78,139
2010-05-05,72,94,166
2010-05-06,54,72,126
2010-05-07,66,86,152
2010-05-08,67,80,147
2010-05-09,56,101,157
2010-05-10,70,91,161
2010-05-11,65,83,148
2010-05-12,64,80,144
2010-05-13,50,98,148
2010-05-14,76,90,166
2010-05-15,59,79,138
2010-05-16,78,86,164
2010-05-17,83,103,186
2010-05-18,59,80,139
2010-05-19,53,78,131
2010-05-20,61,83,144
2010-05-21,64,89,153
2010-05-22,65,96,161
2010-05-23,50,92,142
2010-05-24,60,110,170
2010-05-25,71,107,178
2010-05-26,87,114,201
2010-05-27,72,110,182
2010-05-28,74,96,170
2010-05-29,94,127,221
2010-05-30,69,118,187
2010-05-31,55,90,145
2010-06-01,61,104,165
2010-06-02,78,112,190
2010-06-03,72,123,195
2010-06-04,93,115,208
2010-06-05,69,89,158
2010-06-06,79,97,176
2010-06-07,58,90,148
2010-06-08,44,97,141
2010-06-09,46,107,153
2010-06-10,66,80,146
2010-06-11,39,76,115
2010-06-12,61,75,136
2010-06-13,58,77,135
2010-06-14,64,81,145
2010-06-15,73,90,163
2010-06-16,62,85,147
2010-06-17,61,79,140
2010-06-18,47,81,128
2010-06-19,50,78,128
2010-06-20,52,70,122
2010-06-21,44,82,126
2010-06-22,52,89,141
2010-06-23,48,93,141
2010-06-24,53,90,143
2010-06-25,44,81,125
2010-06-26,65,85,150
2010-06-27,58,87,145
2010-06-28,51,85,136
2010-06-29,50,86,136
2010-06-30,57,71,128
2010-07-01,42,65,107
2010-07-02,55,77,132
2010-07-03,58,82,140
2010-07-04,47,96,143
2010-07-05,44,92,136
2010-07-06,58,96,154
2010-07-07,49,91,140
2010-07-08,50,94,144
2010-07-09,71,72,143
2010-07-10,54,102,156
2010-07-11,42,86,128
2010-07-12,56,89,145
2010-07-13,39,67,106
2010-07-14,57,76,133
2010-07-15,62,111,173
2010-07-16,69,101,170
2010-07-17,45,89,134
2010-07-18,59,89,148
2010-07-19,76,80,156
2010-07-20,55,90,145
2010-07-21,54,86,140
2010-07-22,55,93,148
2010-07-23,65,78,143
2010-07-24,58,81,139
2010-07-25,69,100,169
2010-07-26,51,78,129
2010-07-27,64,88,152
2010-07-28,71,95,166
2010-07-29,49,74,123
2010-07-30,57,94,151
2010-07-31,50,121,171
2010-08-01,65,89,154
2010-08-02,70,94,164
2010-08-03,53,99,152
2010-08-04,49,104,153
2010-08-05,79,93,172
2010-08-06,56,90,146
2010-08-07,48,99,147
2010-08-08,70,109,179
2010-08-09,69,100,169
2010-08-10,61,84,145
2010-08-11,58,95,153
2010-08-12,77,88,165
2010-08-13,53,86,139
2010-08-14,69,97,166
2010-08-15,69,79,148
2010-08-16,58,106,164
2010-08-17,54,91,145
2010-08-18,46,90,136
2010-08-19,53,99,152
2010-08-20,57,90,147
2010-08-21,61,89,150
2010-08-22,51,84,135
2010-08-23,50,95,145
2010-08-24,48,90,138
2010-08-25,57,91,148
2010-08-26,60,108,168
2010-08-27,62,90,152
2010-08-28,63,96,159
2010-08-29,60,79,139
2010-08-30,57,104,161
2010-08-31,64,91,155
2010-09-01,63,99,162
2010-09-02,65,105,170
2010-09-03,47,93,140
2010-09-04,66,89,155
2010-09-05,44,93,137
2010-09-06,50,116,166
2010-09-07,72,111,183
2010-09-08,70,95,165
2010-09-09,71,86,157
2010-09-10,50,115,165
2010-09-11,63,91,154
2010-09-12,60,94,154
2010-09-13,58,112,170
2010-09-14,53,114,167
2010-09-15,58,94,152
2010-09-16,70,88,158
2010-09-17,59,97,156
2010-09-18,67,100,167
2010-09-19,89,98,187
2010-09-20,66,117,183
2010-09-21,78,103,181
2010-09-22,65,86,151
2010-09-23,53,99,152
2010-09-24,57,111,168
2010-09-25,61,92,153
2010-09-26,62,109,171
2010-09-27,60,80,140
2010-09-28,65,85,150
2010-09-29,58,84,142
2010-09-30,50,106,156
2010-10-01,52,88,140
2010-10-02,54,84,138
2010-10-03,60,69,129
2010-10-04,68,75,143
2010-10-05,57,92,149
2010-10-06,55,89,144
2010-10-07,63,87,150
2010-10-08,60,101,161
2010-10-09,68,68,136
2010-10-10,78,98,176
2010-10-11,72,85,157
2010-10-12,65,103,168
2010-10-13,65,100,165
2010-10-14,63,106,169
2010-10-15,70,94,164
2010-10-16,56,96,152
2010-10-17,60,75,135
2010-10-18,69,90,159
2010-10-19,65,98,163
2010-10-20,65,102,167
2010-10-21,53,96,149
2010-10-22,59,88,147
2010-10-23,53,100,153
2010-10-24,52,86,138
2010-10-25,52,90,142
2010-10-26,57,94,151
2010-10-27,58,88,146
2010-10-28,63,86,149
2010-10-29,45,81,126
2010-10-30,39,90,129
2010-10-31,55,87,142
2010-11-01,60,97,157
2010-11-02,66,92,158
2010-11-03,54,84,138
2010-11-04,51,92,143
2010-11-05,66,95,161
2010-11-06,54,91,145
2010-11-07,58,85,143
2010-11-08,65,119,184
2010-11-09,72,106,178
2010-11-10,57,88,145
2010-11-11,59,96,155
2010-11-12,53,119,172
2010-11-13,48,101,149
2010-11-14,65,80,145
2010-11-15,63,104,167
2010-11-16,62,85,147
2010-11-17,60,86,146
2010-11-18,63,77,140
2010-11-19,67,101,168
2010-11-20,53,65,118
2010-11-21,61,105,166
2010-11-22,59,98,157
2010-11-23,60,97,157
2010-11-24,72,95,167
2010-11-25,49,83,132
2010-11-26,75,85,160
2010-11-27,50,92,142
2010-11-28,51,102,153
2010-11-29,58,85,143
2010-11-30,61,90,151
2010-12-01,62,88,150
2010-12-02,50,89,139
2010-12-03,61,95,156
2010-12-04,59,74,133
2010-12-05,52,99,151
2010-12-06,59,92,151
2010-12-07,55,104,159
2010-12-08,66,100,166
2010-12-09,65,99,164
2010-12-10,66,98,164
2010-12-11,75,85,160
2010-12-12,55,102,157
2010-12-13,58,96,154
2010-12-14,60,96,156
2010-12-15,50,85,135
2010-12-16,60,98,158
2010-12-17,68,90,158
2010-12-18,51,104,155
2010-12-19,52,100,152
2010-12-20,64,118,182
2010-12-21,66,104,170
2010-12-22,66,106,172
2010-12-23,62,99,161
2010-12-24,68,111,179
2010-12-25,73,107,180
2010-12-26,63,118,181
2010-12-27,82,123,205
2010-12-28,80,93,173
2010-12-29,75,109,184
2010-12-30,72,99,171
2010-12-31,71,91,162
2011-01-01,77,117,194
2011-01-02,58,117,175
2011-01-03,64,106,170
2011-01-04,73,97,170
2011-01-05,48,103,151
2011-01-06,73,87,160
2011-01-07,60,81,141
2011-01-08,55,104,159
2011-01-09,74,116,190
2011-01-10,94,107,201
2011-01-11,72,116,188
2011-01-12,71,111,182
2011-01-13,72,118,190
2011-01-14,50,99,149
2011-01-15,57,99,156
2011-01-16,57,116,173
2011-01-17,42,112,154
2011-01-18,61,103,164
2011-01-19,65,108,173
2011-01-20,73,117,190
2011-01-21,63,101,164
2011-01-22,79,99,178
2011-01-23,79,103,182
2011-01-24,60,116,176
2011-01-25,73,96,169
2011-01-26,58,120,178
2011-01-27,60,105,165
2011-01-28,71,100,171
2011-01-29,60,86,146
2011-01-30,55,100,155
2011-01-31,67,108,175
2011-02-01,66,106,172
2011-02-02,74,90,164
2011-02-03,65,101,166
2011-02-04,68,80,148
2011-02-05,66,81,147
2011-02-06,65,90,155
2011-02-07,68,95,163
2011-02-08,64,108,172
2011-02-09,83,95,178
2011-02-10,72,79,151
2011-02-11,69,101,170
2011-02-12,76,97,173
2011-02-13,75,89,164
2011-02-14,59,108,167
2011-02-15,55,97,152
2011-02-16,55,100,155
2011-02-17,56,93,149
2011-02-18,60,78,138
2011-02-19,62,88,150
2011-02-20,65,97,162
2011-02-21,67,105,172
2011-02-22,45,89,134
2011-02-23,55,85,140
2011-02-24,53,87,140
2011-02-25,53,95,148
2011-02-26,56,74,130
2011-02-27,69,99,168
2011-02-28,57,96,153
2011-03-01,72,113,185
2011-03-02,68,80,148
2011-03-03,61,91,152
2011-03-04,75,97,172
2011-03-05,65,105,170
2011-03-06,63,93,156
2011-03-07,53,110,163
2011-03-08,51,111,162
2011-03-09,78,93,171
2011-03-10,63,90,153
2011-03-11,72,104,176
2011-03-12,67,90,157
2011-03-13,59,92,151
2011-03-14,50,93,143
2011-03-15,51,74,125
2011-03-16,47,109,156
2011-03-17,62,83,145
2011-03-18,45,90,135
2011-03-19,38,78,116
2011-03-20,63,75,138
2011-03-21,65,97,162
2011-03-22,67,85,152
2011-03-23,67,84,151
2011-03-24,59,74,133
2011-03-25,50,73,123
2011-03-26,58,70,128
2011-03-27,57,78,135
2011-03-28,41,98,139
2011-03-29,75,75,150
2011-03-30,45,98,143
2011-03-31,62,90,152
2011-04-01,64,72,136
2011-04-02,50,68,118
2011-04-03,66,89,155
2011-04-04,79,102,181
2011-04-05,52,55,107
2011-04-06,53,83,136
2011-04-07,49,96,145
2011-04-08,64,83,147
2011-04-09,56,84,140
2011-04-10,69,96,165
2011-04-11,64,77,141
2011-04-12,59,86,145
2011-04-13,48,79,127
2011-04-14,81,94,175
2011-04-15,66,74,140
2011-04-16,48,79,127
2011-04-17,56,95,151
2011-04-18,52,75,127
2011-04-19,42,86,128
2011-04-20,68,98,166
2011-04-21,60,79,139
2011-04-22,46,83,129
2011-04-23,57,98,155
2011-04-24,54,91,145
2011-04-25,53,89,142
2011-04-26,48,89,137
2011-04-27,52,94,146
2011-04-28,66,81,147
2011-04-29,69,99,168
2011-04-30,56,86,142
2011-05-01,53,82,135
2011-05-02,65,91,156
2011-05-03,77,103,180
2011-05-04,74,117,191
2011-05-05,63,96,159
2011-05-06,66,98,164
2011-05-07,95,116,211
2011-05-08,89,121,210
2011-05-09,85,108,193
2011-05-10,64,94,158
2011-05-11,68,90,158
2011-05-12,53,107,160
2011-05-13,60,99,159
2011-05-14,69,81,150
2011-05-15,60,82,142
2011-05-16,55,80,135
2011-05-17,52,97,149
2011-05-18,66,89,155
2011-05-19,60,94,154
2011-05-20,70,77,147
2011-05-21,50,95,145
2011-05-22,51,95,146
2011-05-23,60,105,165
2011-05-24,59,105,164
2011-05-25,57,88,145
2011-05-26,63,81,144
2011-05-27,51,83,134
2011-05-28,61,96,157
2011-05-29,55,98,153
2011-05-30,59,104,163
2011-05-31,54,89,143
2011-06-01,48,83,131
2011-06-02,71,71,142
2011-06-03,68,76,144
2011-06-04,58,95,153
2011-06-05,54,86,140
2011-06-06,59,105,164
2011-06-07,75,92,167
2011-06-08,67,85,152
2011-06-09,59,90,149
2011-06-10,64,90,154
2011-06-11,51,87,138
2011-06-12,55,82,137
2011-06-13,62,73,135
2011-06-14,46,99,145
2011-06-15,49,88,137
2011-06-16,57,90,147
2011-06-17,55,87,142
2011-06-18,71,93,164
2011-06-19,61,108,169
2011-06-20,68,114,182
2011-06-21,64,101,165
2011-06-22,58,89,147
2011-06-23,39,88,127
2011-06-24,64,85,149
2011-06-25,55,69,124
2011-06-26,58,72,130
2011-06-27,57,83,140
2011-06-28,58,91,149
2011-06-29,60,73,133
2011-06-30,65,97,162
2011-07-01,53,91,144
2011-07-02,34,88,122
2011-07-03,58,84,142
2011-07-04,43,101,144
2011-07-05,51,89,140
2011-07-06,56,77,133
2011-07-07,45,71,116
2011-07-08,65,94,159
2011-07-09,62,107,169
2011-07-10,63,111,174
2011-07-11,66,87,153
2011-07-12,55,81,136
2011-07-13,72,82,154
2011-07-14,55,82,137
2011-07-15,48,87,135
2011-07-16,60,65,125
2011-07-17,45,79,124
2011-07-18,56,78,134
2011-07-19,54,80,134
2011-07-20,49,79,128
2011-07-21,55,83,138
2011-07-22,48,87,135
2011-07-23,65,81,146
2011-07-24,55,113,168
2011-07-25,47,91,138
2011-07-26,48,76,124
2011-07-27,34,91,125
2011-07-28,51,86,137
2011-07-29,49,81,130
2011-07-30,58,86,144
2011-07-31,48,83,131
2011-08-01,46,86,132
2011-08-02,58,93,151
2011-08-03,49,92,141
2011-08-04,48,79,127
2011-08-05,62,83,145
2011-08-06,49,84,133
2011-08-07,55,104,159
2011-08-08,72,92,164
2011-08-09,60,93,153
2011-08-10,60,84,144
2011-08-11,49,91,140
2011-08-12,45,111,156
2011-08-13,58,75,133
2011-08-14,65,84,149
2011-08-15,52,100,152
2011-08-16,51,92,143
2011-08-17,54,84,138
2011-08-18,60,100,160
2011-08-19,46,102,148
2011-08-20,51,78,129
2011-08-21,58,86,144
2011-08-22,54,89,143
2011-08-23,53,85,138
2011-08-24,59,82,141
2011-08-25,55,93,148
2011-08-26,53,86,139
2011-08-27,58,89,147
2011-08-28,50,86,136
2011-08-29,56,103,159
2011-08-30,46,92,138
2011-08-31,53,78,131
2011-09-01,45,79,124
2011-09-02,65,106,171
2011-09-03,50,100,150
2011-09-04,62,96,158
2011-09-05,72,83,155
2011-09-06,57,93,150
2011-09-07,47,99,146
2011-09-08,68,88,156
2011-09-09,57,97,154
2011-09-10,46,106,152
2011-09-11,65,105,170
2011-09-12,72,113,185
2011-09-13,55,88,143
2011-09-14,55,100,155
2011-09-15,70,99,169
2011-09-16,55,114,169
2011-09-17,55,86,141
2011-09-18,51,107,158
2011-09-19,60,89,149
2011-09-20,63,72,135
2011-09-21,67,98,165
2011-09-22,46,99,145
2011-09-23,41,80,121
2011-09-24,45,91,136
2011-09-25,55,82,137
2011-09-26,53,103,156
2011-09-27,54,79,133
2011-09-28,49,86,135
2011-09-29,51,91,142
2011-09-30,39,70,109
2011-10-01,49,85,134
2011-10-02,68,84,152
2011-10-03,47,88,135
2011-10-04,69,106,175
2011-10-05,50,90,140
2011-10-06,57,86,143
2011-10-07,67,84,151
2011-10-08,57,90,147
2011-10-09,49,98,147
2011-10-10,51,94,145
2011-10-11,47,74,121
2011-10-12,45,82,127
2011-10-13,54,87,141
2011-10-14,56,108,164
2011-10-15,61,88,149
2011-10-16,41,79,120
2011-10-17,47,70,117
2011-10-18,53,92,145
2011-10-19,57,93,150
2011-10-20,58,97,155
2011-10-21,46,84,130
2011-10-22,58,78,136
2011-10-23,53,73,126
2011-10-24,44,57,101
2011-10-25,54,87,141
2011-10-26,52,68,120
2011-10-27,58,90,148
2011-10-28,62,84,146
2011-10-29,56,87,143
2011-10-30,50,82,132
2011-10-31,65,90,155
2011-11-01,42,97,139
2011-11-02,51,97,148
2011-11-03,49,92,141
2011-11-04,64,98,162
2011-11-05,55,70,125
2011-11-06,53,107,160
2011-11-07,70,111,181
2011-11-08,66,106,172
2011-11-09,76,120,196
2011-11-10,68,100,168
2011-11-11,72,93,165
2011-11-12,69,103,172
2011-11-13,56,98,154
2011-11-14,68,114,182
2011-11-15,76,102,178
2011-11-16,82,130,212
2011-11-17,83,128,211
2011-11-18,63,85,148
2011-11-19,60,98,158
2011-11-20,60,104,164
2011-11-21,61,83,144
2011-11-22,57,84,141
2011-11-23,59,106,165
2011-11-24,68,96,164
2011-11-25,59,99,158
2011-11-26,66,87,153
2011-11-27,55,92,147
2011-11-28,67,88,155
2011-11-29,76,92,168
2011-11-30,51,98,149
2011-12-01,57,96,153
2011-12-02,64,108,172
2011-12-03,72,90,162
2011-12-04,46,94,140
2011-12-05,65,96,161
2011-12-06,60,77,137
2011-12-07,74,99,173
2011-12-08,57,85,142
2011-12-09,58,103,161
2011-12-10,67,90,157
2011-12-11,70,90,160
2011-12-12,63,92,155
2011-12-13,74,88,162
2011-12-14,42,101,143
2011-12-15,61,100,161
2011-12-16,70,97,167
2011-12-17,68,97,165
2011-12-18,62,112,174
2011-12-19,72,105,177
2011-12-20,78,81,159
2011-12-21,65,103,168
2011-12-22,71,100,171
2011-12-23,83,79,162
2011-12-24,70,91,161
2011-12-25,59,98,157
2011-12-26,76,106,182
2011-12-27,62,105,167
2011-12-28,53,93,146
2011-12-29,83,93,176
2011-12-30,53,92,145
2011-12-31,57,108,165
2012-01-01,60,126,186
2012-01-02,73,128,201
2012-01-03,72,117,189
2012-01-04,62,120,182
2012-01-05,66,125,191
2012-01-06,76,115,191
2012-01-07,72,98,170
2012-01-08,59,78,137
2012-01-09,80,113,193
2012-01-10,61,113,174
2012-01-11,68,97,165
2012-01-12,69,94,163
2012-01-13,57,81,138
2012-01-14,55,93,148
2012-01-15,63,108,171
2012-01-16,57,110,167
2012-01-17,75,96,171
2012-01-18,81,112,193
2012-01-19,76,109,185
2012-01-20,60,113,173
2012-01-21,63,88,151
2012-01-22,67,104,171
2012-01-23,66,111,177
2012-01-24,58,116,174
2012-01-25,72,110,182
2012-01-26,68,99,167
2012-01-27,69,93,162
2012-01-28,66,99,165
2012-01-29,65,108,173
2012-01-30,57,98,155
2012-01-31,78,108,186
2012-02-01,73,100,173
2012-02-02,59,86,145
2012-02-03,67,90,157
2012-02-04,66,96,162
2012-02-05,66,91,157
2012-02-06,68,108,176
2012-02-07,57,80,137
2012-02-08,58,89,147
2012-02-09,62,109,171
2012-02-10,58,83,141
2012-02-11,80,83,163
2012-02-12,69,108,177
2012-02-13,56,114,170
2012-02-14,73,96,169
2012-02-15,77,100,177
2012-02-16,53,100,153
2012-02-17,73,102,175
2012-02-18,57,94,151
2012-02-19,59,92,151
2012-02-20,55,90,145
2012-02-21,66,86,152
2012-02-22,72,81,153
2012-02-23,66,92,158
2012-02-24,62,84,146
2012-02-25,50,96,146
2012-02-26,55,113,168
2012-02-27,58,93,151
2012-02-28,62,81,143
2012-02-29,49,77,126
2012-03-01,53,86,139
2012-03-02,54,99,153
2012-03-03,60,97,157
2012-03-04,75,102,177
2012-03-05,58,93,151
2012-03-06,68,84,152
2012-03-07,76,93,169
2012-03-08,49,101,150
2012-03-09,47,103,150
2012-03-10,54,100,154
2012-03-11,63,88,151
2012-03-12,77,105,182
2012-03-13,64,99,163
2012-03-14,50,94,144
2012-03-15,55,101,156
2012-03-16,59,99,158
2012-03-17,67,98,165
2012-03-18,55,82,137
2012-03-19,55,80,135
2012-03-20,45,87,132
2012-03-21,51,79,130
2012-03-22,58,86,144
2012-03-23,40,79,119
2012-03-24,65,85,150
2012-03-25,36,84,120
2012-03-26,60,87,147
2012-03-27,60,104,164
2012-03-28,64,89,153
2012-03-29,56,93,149
2012-03-30,40,90,130
2012-03-31,52,79,131
2012-04-01,52,99,151
2012-04-02,37,72,109
2012-04-03,61,89,150
2012-04-04,60,94,154
2012-04-05,50,92,142
2012-04-06,55,80,135
2012-04-07,61,85,146
2012-04-08,48,78,126
2012-04-09,53,88,141
2012-04-10,56,78,134
2012-04-11,51,111,162
2012-04-12,53,83,136
2012-04-13,57,83,140
2012-04-14,64,101,165
2012-04-15,66,97,163
2012-04-16,59,107,166
2012-04-17,52,88,140
2012-04-18,70,92,162
2012-04-19,54,77,131
2012-04-20,67,81,148
2012-04-21,46,90,136
2012-04-22,67,86,153
2012-04-23,53,103,156
2012-04-24,63,105,168
2012-04-25,64,91,155
2012-04-26,63,90,153
2012-04-27,50,103,153
2012-04-28,57,79,136
2012-04-29,68,92,160
2012-04-30,52,108,160
2012-05-01,54,84,138
2012-05-02,57,80,137
2012-05-03,53,79,132
2012-05-04,71,99,170
2012-05-05,74,98,172
2012-05-06,53,90,143
2012-05-07,58,85,143
2012-05-08,62,89,151
2012-05-09,57,91,148
2012-05-10,55,83,138
2012-05-11,59,90,149
2012-05-12,52,91,143
2012-05-13,70,100,170
2012-05-14,64,103,167
2012-05-15,61,99,160
2012-05-16,65,94,159
2012-05-17,75,113,188
2012-05-18,70,109,179
2012-05-19,71,102,173
2012-05-20,72,96,168
2012-05-21,67,117,184
2012-05-22,77,94,171
2012-05-23,82,121,203
2012-05-24,84,123,207
2012-05-25,102,143,245
2012-05-26,116,147,263
2012-05-27,101,166,267
2012-05-28,135,147,282
2012-05-29,124,150,274
2012-05-30,151,153,304
2012-05-31,135,158,293
2012-06-01,117,152,269
2012-06-02,115,131,246
2012-06-03,111,143,254
2012-06-04,103,130,233
2012-06-05,96,132,228
2012-06-06,100,125,225
2012-06-07,93,103,196
2012-06-08,94,124,218
2012-06-09,59,112,171
2012-06-10,90,131,221
2012-06-11,87,117,204
2012-06-12,71,105,176
2012-06-13,66,81,147
2012-06-14,63,101,164
2012-06-15,51,83,134
2012-06-16,62,74,136
2012-06-17,69,95,164
2012-06-18,62,94,156
2012-06-19,41,96,137
2012-06-20,55,67,122
2012-06-21,50,94,144
2012-06-22,67,94,161
2012-06-23,57,82,139
2012-06-24,51,81,132
2012-06-25,56,98,154
2012-06-26,41,69,110
2012-06-27,59,63,122
2012-06-28,63,73,136
2012-06-29,52,69,121
2012-06-30,54,84,138
2012-07-01,39,76,115
2012-07-02,46,76,122
2012-07-03,47,84,131
2012-07-04,50,100,150
2012-07-05,73,101,174
2012-07-06,52,75,127
2012-07-07,50,87,137
2012-07-08,55,71,126
2012-07-09,53,86,139
2012-07-10,60,90,150
2012-07-11,65,93,158
2012-07-12,52,89,141
2012-07-13,54,90,144
2012-07-14,40,75,115
2012-07-15,56,90,146
2012-07-16,59,88,147
2012-07-17,51,73,124
2012-07-18,55,99,154
2012-07-19,45,103,148
2012-07-20,61,74,135
2012-07-21,54,95,149
2012-07-22,51,99,150
2012-07-23,64,90,154
2012-07-24,72,106,178
2012-07-25,60,88,148
2012-07-26,52,76,128
2012-07-27,46,91,137
2012-07-28,51,84,135
2012-07-29,49,87,136
2012-07-30,57,82,139
2012-07-31,49,69,118
2012-08-01,59,89,148
2012-08-02,60,73,133
2012-08-03,56,109,165
2012-08-04,57,78,135
2012-08-05,54,80,134
2012-08-06,68,95,163
2012-08-07,43,93,136
2012-08-08,59,93,152
2012-08-09,38,99,137
2012-08-10,56,93,149
2012-08-11,61,83,144
2012-08-12,54,85,139
2012-08-13,53,102,155
2012-08-14,48,98,146
2012-08-15,72,92,164
2012-08-16,36,94,130
2012-08-17,65,96,161
2012-08-18,44,97,141
2012-08-19,62,100,162
2012-08-20,65,93,158
2012-08-21,66,86,152
2012-08-22,60,90,150
2012-08-23,64,84,148
2012-08-24,53,87,140
2012-08-25,54,93,147
2012-08-26,41,91,132
2012-08-27,51,89,140
2012-08-28,54,74,128
2012-08-29,45,98,143
2012-08-30,49,83,132
2012-08-31,69,80,149
2012-09-01,60,103,163
2012-09-02,46,89,135
2012-09-03,65,94,159
2012-09-04,59,104,163
2012-09-05,55,98,153
2012-09-06,64,93,157
2012-09-07,45,96,141
2012-09-08,58,90,148
2012-09-09,56,95,151
2012-09-10,50,100,150
2012-09-11,62,101,163
2012-09-12,63,109,172
2012-09-13,55,102,157
2012-09-14,47,91,138
2012-09-15,44,86,130
2012-09-16,60,73,133
2012-09-17,70,94,164
2012-09-18,47,96,143
2012-09-19,58,93,151
2012-09-20,69,98,167
2012-09-21,74,88,162
2012-09-22,53,80,133
2012-09-23,61,93,154
2012-09-24,46,104,150
2012-09-25,65,101,166
2012-09-26,73,94,167
2012-09-27,60,80,140
2012-09-28,57,90,147
2012-09-29,45,99,144
2012-09-30,53,80,133
2012-10-01,56,103,159
2012-10-02,66,93,159
2012-10-03,63,98,161
2012-10-04,62,87,149
2012-10-05,54,91,145
2012-10-06,65,93,158
2012-10-07,65,74,139
2012-10-08,59,94,153
2012-10-09,62,96,158
2012-10-10,53,97,150
2012-10-11,58,107,165
2012-10-12,57,98,155
2012-10-13,50,81,131
2012-10-14,59,89,148
2012-10-15,59,85,144
2012-10-16,60,111,171
2012-10-17,63,87,150
2012-10-18,73,99,172
2012-10-19,49,86,135
2012-10-20,62,89,151
2012-10-21,57,88,145
2012-10-22,57,102,159
2012-10-23,55,87,142
2012-10-24,64,94,158
2012-10-25,69,104,173
2012-10-26,69,94,163
2012-10-27,49,104,153
2012-10-28,60,114,174
2012-10-29,59,113,172
2012-10-30,59,91,150
2012-10-31,77,109,186
2012-11-01,55,106,161
2012-11-02,56,139,195
2012-11-03,73,89,162
2012-11-04,66,107,173
2012-11-05,71,125,196
2012-11-06,80,90,170
2012-11-07,71,116,187
2012-11-08,67,92,159
2012-11-09,74,95,169
2012-11-10,68,105,173
2012-11-11,56,97,153
2012-11-12,62,95,157
2012-11-13,52,108,160
2012-11-14,51,106,157
2012-11-15,80,118,198
2012-11-16,74,106,180
2012-11-17,81,119,200
2012-11-18,73,103,176
2012-11-19,75,118,193
2012-11-20,67,96,163
2012-11-21,78,91,169
2012-11-22,61,99,160
2012-11-23,66,84,150
2012-11-24,62,116,178
2012-11-25,50,99,149
2012-11-26,62,97,159
2012-11-27,62,85,147
2012-11-28,56,98,154
2012-11-29,68,124,192
2012-11-30,68,97,165
2012-12-01,66,93,159
2012-12-02,65,100,165
2012-12-03,74,90,164
2012-12-04,54,92,146
2012-12-05,57,103,160
2012-12-06,58,94,152
2012-12-07,61,90,151
2012-12-08,62,106,168
2012-12-09,62,99,161
2012-12-10,66,111,177
2012-12-11,76,101,177
2012-12-12,77,112,189
2012-12-13,64,104,168
2012-12-14,53,105,158
2012-12-15,47,88,135
2012-12-16,64,74,138
2012-12-17,70,97,167
2012-12-18,67,95,162
2012-12-19,47,102,149
2012-12-20,70,110,180
2012-12-21,55,99,154
2012-12-22,72,93,165
2012-12-23,59,81,140
2012-12-24,54,107,161
2012-12-25,57,106,163
2012-12-26,59,86,145
2012-12-27,61,98,159
2012-12-28,45,103,148
2012-12-29,58,85,143
2012-12-30,74,105,179
2012-12-31,61,96,157
2013-01-01,53,102,155
2013-01-02,57,93,150
2013-01-03,59,96,155
2013-01-04,69,107,176
2013-01-05,54,89,143
2013-01-06,63,100,163
2013-01-07,64,90,154
2013-01-08,62,99,161
2013-01-09,49,93,142
2013-01-10,58,99,157
2013-01-11,70,96,166
2013-01-12,51,94,145
2013-01-13,65,96,161
2013-01-14,61,80,141
2013-01-15,55,92,147
2013-01-16,61,100,161
2013-01-17,56,93,149
2013-01-18,52,97,149
2013-01-19,57,111,168
2013-01-20,70,112,182
2013-01-21,82,107,189
2013-01-22,62,86,148
2013-01-23,54,120,174
2013-01-24,62,94,156
2013-01-25,69,116,185
2013-01-26,67,107,174
2013-01-27,67,97,164
2013-01-28,65,106,171
2013-01-29,62,79,141
2013-01-30,66,112,178
2013-01-31,56,109,165
2013-02-01,74,92,166
2013-02-02,69,75,144
2013-02-03,64,94,158
2013-02-04,66,109,175
2013-02-05,64,104,168
2013-02-06,55,104,159
2013-02-07,66,107,173
2013-02-08,63,105,168
2013-02-09,56,92,148
2013-02-10,54,104,158
2013-02-11,75,96,171
2013-02-12,60,95,155
2013-02-13,66,101,167
2013-02-14,79,98,177
2013-02-15,51,101,152
2013-02-16,58,92,150
2013-02-17,70,101,171
2013-02-18,56,98,154
2013-02-19,69,85,154
2013-02-20,65,88,153
2013-02-21,78,80,158
2013-02-22,59,88,147
2013-02-23,47,81,128
2013-02-24,63,83,146
2013-02-25,49,100,149
2013-02-26,59,95,154
2013-02-27,62,99,161
2013-02-28,55,97,152
2013-03-01,81,78,159
2013-03-02,60,97,157
2013-03-03,55,99,154
2013-03-04,59,84,143
2013-03-05,73,116,189
2013-03-06,60,81,141
2013-03-07,67,95,162
2013-03-08,52,99,151
2013-03-09,71,95,166
2013-03-10,61,97,158
2013-03-11,77,87,164
2013-03-12,55,86,141
2013-03-13,53,77,130
2013-03-14,49,104,153
2013-03-15,68,92,160
2013-03-16,56,84,140
2013-03-17,63,101,164
2013-03-18,51,110,161
2013-03-19,63,83,146
2013-03-20,60,96,156
2013-03-21,57,86,143
2013-03-22,40,94,134
2013-03-23,60,101,161
2013-03-24,58,101,159
2013-03-25,57,81,138
2013-03-26,56,83,139
2013-03-27,54,105,159
2013-03-28,78,82,160
2013-03-29,52,80,132
2013-03-30,52,63,115
2013-03-31,56,84,140
2013-04-01,65,93,158
2013-04-02,59,97,156
2013-04-03,56,112,168
2013-04-04,65,79,144
2013-04-05,71,87,158
2013-04-06,59,115,174
2013-04-07,62,82,144
2013-04-08,63,92,155
2013-04-09,63,108,171
2013-04-10,63,92,155
2013-04-11,72,99,171
2013-04-12,54,96,150
2013-04-13,72,84,156
2013-04-14,63,94,157
2013-04-15,53,91,144
2013-04-16,68,106,174
2013-04-17,58,94,152
2013-04-18,65,100,165
2013-04-19,60,105,165
2013-04-20,60,106,166
2013-04-21,72,78,150
2013-04-22,80,111,191
2013-04-23,51,90,141
2013-04-24,72,101,173
2013-04-25,59,72,131
2013-04-26,67,105,172
2013-04-27,65,86,151
2013-04-28,61,114,175
2013-04-29,74,99,173
2013-04-30,73,85,158
2013-05-01,81,100,181
2013-05-02,55,93,148
2013-05-03,76,107,183
2013-05-04,59,93,152
2013-05-05,81,120,201
2013-05-06,67,107,174
2013-05-07,69,111,180
2013-05-08,73,130,203
2013-05-09,62,112,174
2013-05-10,67,121,188
2013-05-11,83,101,184
2013-05-12,66,127,193
2013-05-13,70,104,174
2013-05-14,56,97,153
2013-05-15,67,98,165
2013-05-16,79,104,183
2013-05-17,78,113,191
2013-05-18,64,102,166
2013-05-19,51,110,161
2013-05-20,61,81,142
2013-05-21,70,107,177
2013-05-22,61,100,161
2013-05-23,58,118,176
2013-05-24,71,108,179
2013-05-25,68,121,189
2013-05-26,92,119,211
2013-05-27,83,101,184
2013-05-28,78,110,188
2013-05-29,66,103,169
2013-05-30,62,111,173
2013-05-31,59,107,166
2013-06-01,55,81,136
2013-06-02,47,88,135
2013-06-03,67,111,178
2013-06-04,57,94,151
2013-06-05,61,106,167
2013-06-06,49,87,136
2013-06-07,60,80,140
2013-06-08,48,80,128
2013-06-09,58,99,157
2013-06-10,72,101,173
2013-06-11,60,100,160
2013-06-12,56,92,148
2013-06-13,44,83,127
2013-06-14,53,99,152
2013-06-15,68,100,168
2013-06-16,58,105,163
2013-06-17,78,91,169
2013-06-18,72,120,192
2013-06-19,89,100,189
2013-06-20,70,115,185
2013-06-21,61,104,165
2013-06-22,61,95,156
2013-06-23,59,89,148
2013-06-24,52,82,134
2013-06-25,58,94,152
2013-06-26,61,109,170
2013-06-27,55,93,148
2013-06-28,59,106,165
2013-06-29,44,83,127
2013-06-30,50,106,156
2013-07-01,50,88,138
2013-07-02,50,81,131
2013-07-03,50,97,147
2013-07-04,60,87,147
2013-07-05,48,85,133
2013-07-06,36,79,115
2013-07-07,36,91,127
2013-07-08,44,75,119
2013-07-09,47,90,137
2013-07-10,50,81,131
2013-07-11,46,97,143
2013-07-12,67,79,146
2013-07-13,57,92,149
2013-07-14,71,82,153
2013-07-15,55,112,167
2013-07-16,56,98,154
2013-07-17,56,83,139
2013-07-18,61,88,149
2013-07-19,41,102,143
2013-07-20,60,67,127
2013-07-21,41,84,125
2013-07-22,61,91,152
2013-07-23,51,91,142
2013-07-24,58,96,154
2013-07-25,54,76,130
2013-07-26,59,92,151
2013-07-27,72,105,177
2013-07-28,72,85,157
2013-07-29,79,104,183
2013-07-30,57,80,137
2013-07-31,67,91,158
2013-08-01,79,109,188
2013-08-02,70,94,164
2013-08-03,70,110,180
2013-08-04,54,101,155
2013-08-05,60,86,146
2013-08-06,60,78,138
2013-08-07,49,88,137
2013-08-08,57,69,126
2013-08-09,50,79,129
2013-08-10,44,81,125
2013-08-11,59,102,161
2013-08-12,53,102,155
2013-08-13,53,87,140
2013-08-14,48,103,151
2013-08-15,53,79,132
2013-08-16,55,84,139
2013-08-17,78,102,180
2013-08-18,68,99,167
2013-08-19,55,114,169
2013-08-20,47,95,142
2013-08-21,64,106,170
2013-08-22,47,110,157
2013-08-23,63,89,152
2013-08-24,45,87,132
2013-08-25,62,87,149
2013-08-26,57,124,181
2013-08-27,61,106,167
2013-08-28,63,93,156
2013-08-29,53,107,160
2013-08-30,55,106,161
2013-08-31,46,86,132
2013-09-01,53,88,141
2013-09-02,70,110,180
2013-09-03,52,89,141
2013-09-04,57,94,151
2013-09-05,52,88,140
2013-09-06,54,88,142
2013-09-07,56,92,148
2013-09-08,56,84,140
2013-09-09,62,67,129
2013-09-10,53,92,145
2013-09-11,53,108,161
2013-09-12,52,101,153
2013-09-13,55,91,146
2013-09-14,46,98,144
2013-09-15,63,111,174
2013-09-16,62,88,150
2013-09-17,68,121,189
2013-09-18,68,123,191
2013-09-19,55,100,155
2013-09-20,60,74,134
2013-09-21,58,101,159
2013-09-22,58,87,145
2013-09-23,69,119,188
2013-09-24,71,119,190
2013-09-25,73,102,175
2013-09-26,61,105,166
2013-09-27,51,92,143
2013-09-28,63,99,162
2013-09-29,48,79,127
2013-09-30,62,93,155
2013-10-01,66,100,166
2013-10-02,69,96,165
2013-10-03,65,79,144
2013-10-04,60,105,165
2013-10-05,74,100,174
2013-10-06,65,87,152
2013-10-07,55,87,142
2013-10-08,62,97,159
2013-10-09,50,107,157
2013-10-10,63,93,156
2013-10-11,70,102,172
2013-10-12,60,92,152
2013-10-13,64,90,154
2013-10-14,56,87,143
2013-10-15,71,85,156
2013-10-16,73,87,160
2013-10-17,59,112,171
2013-10-18,60,93,153
2013-10-19,48,91,139
2013-10-20,54,96,150
2013-10-21,56,80,136
2013-10-22,59,107,166
2013-10-23,60,99,159
2013-10-24,69,133,202
2013-10-25,68,134,202
2013-10-26,71,89,160
2013-10-27,64,86,150
2013-10-28,56,85,141
2013-10-29,69,96,165
2013-10-30,70,91,161
2013-10-31,63,100,163
2013-11-01,58,82,140
2013-11-02,45,104,149
2013-11-03,57,104,161
2013-11-04,62,104,166
2013-11-05,61,90,151
2013-11-06,80,119,199
2013-11-07,65,104,169
2013-11-08,48,111,159
2013-11-09,50,100,150
2013-11-10,53,111,164
2013-11-11,62,99,161
2013-11-12,70,100,170
2013-11-13,60,97,157
2013-11-14,84,96,180
2013-11-15,57,85,142
2013-11-16,64,102,166
2013-11-17,74,93,167
2013-11-18,61,89,150
2013-11-19,71,95,166
2013-11-20,67,116,183
2013-11-21,75,116,191
2013-11-22,60,112,172
2013-11-23,66,100,166
2013-11-24,63,90,153
2013-11-25,60,96,156
2013-11-26,62,113,175
2013-11-27,61,92,153
2013-11-28,63,91,154
2013-11-29,58,96,154
2013-11-30,55,78,133
2013-12-01,66,93,159
2013-12-02,70,88,158
2013-12-03,59,89,148
2013-12-04,81,118,199
2013-12-05,69,119,188
2013-12-06,57,116,173
2013-12-07,60,87,147
2013-12-08,63,108,171
2013-12-09,62,107,169
2013-12-10,80,106,186
2013-12-11,80,134,214
2013-12-12,68,117,185
2013-12-13,66,98,164
2013-12-14,68,105,173
2013-12-15,70,81,151
2013-12-16,76,108,184
2013-12-17,66,111,177
2013-12-18,81,113,194
2013-12-19,72,99,171
2013-12-20,62,86,148
2013-12-21,80,114,194
2013-12-22,77,116,193
2013-12-23,85,98,183
2013-12-24,64,88,152
2013-12-25,72,101,173
2013-12-26,71,108,179
2013-12-27,70,94,164
2013-12-28,82,103,185
2013-12-29,79,97,176
2013-12-30,63,102,165
2013-12-31,70,101,171
2014-01-01,78,105,183
2014-01-02,62,112,174
2014-01-03,67,104,171
2014-01-04,75,99,174
2014-01-05,72,113,185
2014-01-06,60,110,170
2014-01-07,57,111,168
2014-01-08,75,87,162
2014-01-09,76,91,167
2014-01-10,52,91,143
2014-01-11,66,94,160
2014-01-12,71,89,160
2014-01-13,47,111,158
2014-01-14,61,91,152
2014-01-15,57,104,161
2014-01-16,75,108,183
2014-01-17,65,108,173
2014-01-18,84,97,181
2014-01-19,48,88,136
2014-01-20,44,106,150
2014-01-21,60,98,158
2014-01-22,84,99,183
2014-01-23,85,81,166
2014-01-24,62,102,164
2014-01-25,67,93,160
2014-01-26,72,91,163
2014-01-27,60,102,162
2014-01-28,56,112,168
2014-01-29,69,93,162
2014-01-30,69,96,165
2014-01-31,72,104,176
2014-02-01,62,87,149
2014-02-02,57,94,151
2014-02-03,73,105,178
2014-02-04,57,103,160
2014-02-05,60,88,148
2014-02-06,68,90,158
2014-02-07,67,113,180
2014-02-08,58,92,150
2014-02-09,52,95,147
2014-02-10,63,103,166
2014-02-11,75,89,164
2014-02-12,50,114,164
2014-02-13,68,96,164
2014-02-14,70,82,152
2014-02-15,64,81,145
2014-02-16,62,88,150
2014-02-17,79,110,189
2014-02-18,73,76,149
2014-02-19,70,96,166
2014-02-20,58,113,171
2014-02-21,52,82,134
2014-02-22,43,96,139
2014-02-23,60,95,155
2014-02-24,72,111,183
2014-02-25,48,103,151
2014-02-26,64,79,143
2014-02-27,67,94,161
2014-02-28,50,81,131
2014-03-01,58,104,162
2014-03-02,54,96,150
2014-03-03,73,105,178
2014-03-04,74,104,178
2014-03-05,58,78,136
2014-03-06,60,84,144
2014-03-07,60,83,143
2014-03-08,67,71,138
2014-03-09,62,99,161
2014-03-10,55,88,143
2014-03-11,54,83,137
2014-03-12,62,115,177
2014-03-13,65,105,170
2014-03-14,74,96,170
2014-03-15,60,91,151
2014-03-16,47,85,132
2014-03-17,48,104,152
2014-03-18,61,80,141
2014-03-19,57,82,139
2014-03-20,47,75,122
2014-03-21,54,90,144
2014-03-22,50,83,133
2014-03-23,64,89,153
2014-03-24,52,73,125
2014-03-25,66,83,149
2014-03-26,63,78,141
2014-03-27,44,84,128
2014-03-28,51,72,123
2014-03-29,66,110,176
2014-03-30,62,98,160
2014-03-31,56,86,142
2014-04-01,59,84,143
2014-04-02,54,109,163
2014-04-03,62,73,135
2014-04-04,47,84,131
2014-04-05,53,89,142
2014-04-06,51,81,132
2014-04-07,57,87,144
2014-04-08,50,100,150
2014-04-09,57,82,139
2014-04-10,64,85,149
2014-04-11,68,102,170
2014-04-12,73,103,176
2014-04-13,44,93,137
2014-04-14,49,71,120
2014-04-15,72,86,158
2014-04-16,56,93,149
2014-04-17,54,92,146
2014-04-18,59,75,134
2014-04-19,64,85,149
2014-04-20,54,72,126
2014-04-21,62,93,155
2014-04-22,46,87,133
2014-04-23,40,71,111
2014-04-24,51,103,154
2014-04-25,55,101,156
2014-04-26,68,103,171
2014-04-27,54,88,142
2014-04-28,49,89,138
2014-04-29,62,92,154
2014-04-30,72,79,151
2014-05-01,58,86,144
2014-05-02,52,83,135
2014-05-03,70,66,136
2014-05-04,72,82,154
2014-05-05,48,77,125
2014-05-06,46,80,126
2014-05-07,55,115,170
2014-05-08,52,75,127
2014-05-09,72,98,170
2014-05-10,61,84,145
2014-05-11,77,90,167
2014-05-12,71,107,178
2014-05-13,85,117,202
2014-05-14,68,98,166
2014-05-15,69,121,190
2014-05-16,74,115,189
2014-05-17,73,94,167
2014-05-18,84,105,189
2014-05-19,73,108,181
2014-05-20,72,86,158
2014-05-21,72,115,187
2014-05-22,77,95,172
2014-05-23,88,136,224
2014-05-24,77,140,217
2014-05-25,83,131,214
2014-05-26,105,128,233
2014-05-27,77,109,186
2014-05-28,56,98,154
2014-05-29,80,87,167
2014-05-30,79,126,205
2014-05-31,67,115,182
2014-06-01,83,123,206
2014-06-02,66,121,187
2014-06-03,66,111,177
2014-06-04,70,114,184
2014-06-05,90,139,229
2014-06-06,90,114,204
2014-06-07,67,109,176
2014-06-08,86,125,211
2014-06-09,67,92,159
2014-06-10,69,95,164
2014-06-11,81,109,190
2014-06-12,66,117,183
2014-06-13,69,105,174
2014-06-14,60,98,158
2014-06-15,84,106,190
2014-06-16,85,112,197
2014-06-17,89,125,214
2014-06-18,102,123,225
2014-06-19,90,120,210
2014-06-20,95,101,196
2014-06-21,75,101,176
2014-06-22,63,96,159
2014-06-23,84,90,174
2014-06-24,64,90,154
2014-06-25,77,118,195
2014-06-26,77,124,201
2014-06-27,71,111,182
2014-06-28,57,88,145
2014-06-29,46,96,142
2014-06-30,53,85,138
2014-07-01,59,96,155
2014-07-02,55,73,128
2014-07-03,66,126,192
2014-07-04,64,99,163
2014-07-05,62,104,166
2014-07-06,45,81,126
2014-07-07,63,88,151
2014-07-08,66,87,153
2014-07-09,69,89,158
2014-07-10,51,94,145
2014-07-11,50,96,146
2014-07-12,52,72,124
2014-07-13,60,99,159
2014-07-14,72,94,166
2014-07-15,55,95,150
2014-07-16,60,90,150
2014-07-17,69,95,164
2014-07-18,59,107,166
2014-07-19,66,85,151
2014-07-20,59,103,162
2014-07-21,45,105,150
2014-07-22,59,76,135
2014-07-23,48,95,143
2014-07-24,77,96,173
2014-07-25,60,86,146
2014-07-26,42,83,125
2014-07-27,59,84,143
2014-07-28,58,96,154
2014-07-29,48,74,122
2014-07-30,61,87,148
2014-07-31,63,82,145
2014-08-01,68,86,154
2014-08-02,66,71,137
2014-08-03,51,77,128
2014-08-04,58,83,141
2014-08-05,58,94,152
2014-08-06,56,88,144
2014-08-07,52,87,139
2014-08-08,52,100,152
2014-08-09,38,88,126
2014-08-10,45,79,124
2014-08-11,52,82,134
2014-08-12,49,127,176
2014-08-13,54,88,142
2014-08-14,54,91,145
2014-08-15,50,95,145
2014-08-16,54,99,153
2014-08-17,71,90,161
2014-08-18,60,113,173
2014-08-19,68,90,158
2014-08-20,65,99,164
2014-08-21,57,108,165
2014-08-22,57,81,138
2014-08-23,49,90,139
2014-08-24,46,87,133
2014-08-25,55,74,129
2014-08-26,43,85,128
2014-08-27,67,90,157
2014-08-28,58,89,147
2014-08-29,60,83,143
2014-08-30,42,103,145
2014-08-31,54,105,159
2014-09-01,71,125,196
2014-09-02,74,90,164
2014-09-03,60,82,142
2014-09-04,52,96,148
2014-09-05,59,98,157
2014-09-06,46,77,123
2014-09-07,49,85,134
2014-09-08,53,99,152
2014-09-09,60,100,160
2014-09-10,79,105,184
2014-09-11,63,90,153
2014-09-12,58,105,163
2014-09-13,56,89,145
2014-09-14,68,94,162
2014-09-15,53,97,150
2014-09-16,55,91,146
2014-09-17,60,90,150
2014-09-18,66,97,163
2014-09-19,70,88,158
2014-09-20,70,79,149
2014-09-21,56,107,163
2014-09-22,59,72,131
2014-09-23,70,92,162
2014-09-24,62,71,133
2014-09-25,74,95,169
2014-09-26,45,99,144
2014-09-27,56,104,160
2014-09-28,54,96,150
2014-09-29,65,93,158
2014-09-30,60,95,155
2014-10-01,65,94,159
2014-10-02,50,86,136
2014-10-03,67,68,135
2014-10-04,63,91,154
2014-10-05,64,86,150
2014-10-06,60,84,144
2014-10-07,55,98,153
2014-10-08,62,95,157
2014-10-09,60,81,141
2014-10-10,57,101,158
2014-10-11,50,80,130
2014-10-12,46,106,152
2014-10-13,69,113,182
2014-10-14,70,101,171
2014-10-15,32,93,125
2014-10-16,48,96,144
2014-10-17,43,99,142
2014-10-18,58,78,136
2014-10-19,56,83,139
2014-10-20,53,96,149
2014-10-21,50,104,154
2014-10-22,59,87,146
2014-10-23,56,114,170
2014-10-24,48,96,144
2014-10-25,60,102,162
2014-10-26,69,85,154
2014-10-27,77,100,177
2014-10-28,76,93,169
2014-10-29,63,112,175
2014-10-30,75,103,178
2014-10-31,54,106,160
2014-11-01,71,111,182
2014-11-02,62,92,154
2014-11-03,49,91,140
2014-11-04,74,112,186
2014-11-05,62,105,167
2014-11-06,69,115,184
2014-11-07,82,106,188
2014-11-08,58,106,164
2014-11-09,68,92,160
2014-11-10,75,114,189
2014-11-11,56,113,169
2014-11-12,77,86,163
2014-11-13,71,107,178
2014-11-14,68,101,169
2014-11-15,69,104,173
2014-11-16,71,117,188
2014-11-17,67,138,205
2014-11-18,66,108,174
2014-11-19,77,108,185
2014-11-20,78,112,190
2014-11-21,64,92,156
2014-11-22,69,101,170
2014-11-23,82,107,189
2014-11-24,71,103,174
2014-11-25,78,85,163
2014-11-26,62,105,167
2014-11-27,76,108,184
2014-11-28,65,108,173
2014-11-29,74,93,167
2014-11-30,76,91,167
2014-12-01,64,86,150
2014-12-02,60,122,182
2014-12-03,70,101,171
2014-12-04,72,112,184
2014-12-05,74,123,197
2014-12-06,93,101,194
2014-12-07,71,92,163
2014-12-08,71,120,191
2014-12-09,75,112,187
2014-12-10,83,113,196
2014-12-11,69,108,177
2014-12-12,76,118,194
2014-12-13,62,100,162
2014-12-14,67,99,166
2014-12-15,75,108,183
2014-12-16,66,103,169
2014-12-17,81,94,175
2014-12-18,70,95,165
2014-12-19,65,85,150
2014-12-20,66,104,170
2014-12-21,56,99,155
2014-12-22,61,100,161
2014-12-23,81,109,190
2014-12-24,80,99,179
2014-12-25,63,84,147
2014-12-26,73,116,189
2014-12-27,64,87,151
2014-12-28,66,108,174
2014-12-29,79,105,184
2014-12-30,80,100,180
2014-12-31,78,111,189
2015-01-01,77,110,187
2015-01-02,77,96,173
2015-01-03,79,127,206
2015-01-04,52,97,149
2015-01-05,65,99,164
2015-01-06,67,111,178
2015-01-07,72,115,187
2015-01-08,69,80,149
2015-01-09,79,101,180
2015-01-10,68,100,168
2015-01-11,63,113,176
2015-01-12,74,111,185
2015-01-13,64,112,176
2015-01-14,72,99,171
2015-01-15,65,100,165
2015-01-16,76,85,161
2015-01-17,61,84,145
2015-01-18,69,111,180
2015-01-19,71,105,176
2015-01-20,71,96,167
2015-01-21,85,95,180
2015-01-22,93,123,216
2015-01-23,83,110,193
2015-01-24,96,112,208
2015-01-25,69,116,185
2015-01-26,80,100,180
2015-01-27,76,104,180
2015-01-28,57,105,162
2015-01-29,61,98,159
2015-01-30,80,103,183
2015-01-31,77,105,182
2015-02-01,49,105,154
2015-02-02,66,93,159
2015-02-03,69,102,171
2015-02-04,58,85,143
2015-02-05,80,108,188
2015-02-06,68,102,170
2015-02-07,73,115,188
2015-02-08,81,75,156
2015-02-09,84,100,184
2015-02-10,67,105,172
2015-02-11,79,101,180
2015-02-12,80,101,181
2015-02-13,76,108,184
2015-02-14,64,76,140
2015-02-15,76,97,173
2015-02-16,84,109,193
2015-02-17,52,118,170
2015-02-18,64,115,179
2015-02-19,71,103,174
2015-02-20,64,94,158
2015-02-21,66,86,152
2015-02-22,68,91,159
2015-02-23,69,110,179
2015-02-24,62,107,169
2015-02-25,72,100,172
2015-02-26,59,100,159
2015-02-27,59,112,171
2015-02-28,66,91,157
2015-03-01,90,82,172
2015-03-02,47,118,165
2015-03-03,55,99,154
2015-03-04,75,107,182
2015-03-05,79,93,172
2015-03-06,66,111,177
2015-03-07,58,98,156
2015-03-08,74,113,187
2015-03-09,65,112,177
2015-03-10,73,87,160
2015-03-11,75,97,172
2015-03-12,81,89,170
2015-03-13,75,104,179
2015-03-14,72,90,162
2015-03-15,57,88,145
2015-03-16,53,80,133
2015-03-17,59,101,160
2015-03-18,72,108,180
2015-03-19,69,86,155
2015-03-20,70,87,157
2015-03-21,62,104,166
2015-03-22,54,89,143
2015-03-23,68,85,153
2015-03-24,50,87,137
2015-03-25,65,90,155
2015-03-26,54,101,155
2015-03-27,68,72,140
2015-03-28,59,101,160
2015-03-29,65,103,168
2015-03-30,65,114,179
2015-03-31,57,76,133
2015-04-01,65,88,153
2015-04-02,52,85,137
2015-04-03,50,78,128
2015-04-04,63,85,148
2015-04-05,58,91,149
2015-04-06,76,84,160
2015-04-07,61,103,164
2015-04-08,55,82,137
2015-04-09,69,104,173
2015-04-10,56,82,138
2015-04-11,47,100,147
2015-04-12,54,70,124
2015-04-13,54,89,143
2015-04-14,46,88,134
2015-04-15,67,85,152
2015-04-16,56,89,145
2015-04-17,62,102,164
2015-04-18,55,95,150
2015-04-19,50,92,142
2015-04-20,67,106,173
2015-04-21,80,105,185
2015-04-22,63,81,144
2015-04-23,50,96,146
2015-04-24,71,83,154
2015-04-25,60,83,143
2015-04-26,65,88,153
2015-04-27,60,103,163
2015-04-28,55,85,140
2015-04-29,48,98,146
2015-04-30,55,79,134
2015-05-01,72,85,157
2015-05-02,59,96,155
2015-05-03,54,98,152
2015-05-04,60,71,131
2015-05-05,75,93,168
2015-05-06,62,85,147
2015-05-07,69,97,166
2015-05-08,69,91,160
2015-05-09,71,92,163
2015-05-10,67,96,163
2015-05-11,63,82,145
2015-05-12,73,82,155
2015-05-13,75,88,163
2015-05-14,48,88,136
2015-05-15,56,97,153
2015-05-16,70,65,135
2015-05-17,56,83,139
2015-05-18,63,89,152
2015-05-19,65,95,160
2015-05-20,70,80,150
2015-05-21,68,90,158
2015-05-22,84,108,192
2015-05-23,64,117,181
2015-05-24,105,129,234
2015-05-25,83,138,221
2015-05-26,114,120,234
2015-05-27,79,103,182
2015-05-28,56,88,144
2015-05-29,71,100,171
2015-05-30,62,94,156
2015-05-31,68,96,164
2015-06-01,64,106,170
2015-06-02,62,90,152
2015-06-03,61,80,141
2015-06-04,63,64,127
2015-06-05,56,90,146
2015-06-06,59,101,160
2015-06-07,70,89,159
2015-06-08,61,95,156
2015-06-09,60,101,161
2015-06-10,62,97,159
2015-06-11,62,97,159
2015-06-12,51,89,140
2015-06-13,58,88,146
2015-06-14,58,93,151
2015-06-15,63,114,177
2015-06-16,74,107,181
2015-06-17,63,90,153
2015-06-18,55,97,152
2015-06-19,65,78,143
2015-06-20,51,84,135
2015-06-21,68,90,158
2015-06-22,61,124,185
2015-06-23,71,90,161
2015-06-24,69,100,169
2015-06-25,61,109,170
2015-06-26,71,103,174
2015-06-27,71,90,161
2015-06-28,51,88,139
2015-06-29,55,90,145
2015-06-30,61,96,157
2015-07-01,73,90,163
2015-07-02,52,76,128
2015-07-03,51,97,148
2015-07-04,73,103,176
2015-07-05,72,92,164
2015-07-06,71,87,158
2015-07-07,57,116,173
2015-07-08,67,102,169
2015-07-09,48,103,151
2015-07-10,64,106,170
2015-07-11,57,86,143
2015-07-12,58,89,147
2015-07-13,58,90,148
2015-07-14,56,91,147
2015-07-15,54,73,127
2015-07-16,60,89,149
2015-07-17,57,87,144
2015-07-18,49,68,117
2015-07-19,46,57,103
2015-07-20,50,93,143
2015-07-21,44,81,125
2015-07-22,58,74,132
2015-07-23,39,91,130
2015-07-24,49,87,136
2015-07-25,55,75,130
2015-07-26,44,88,132
2015-07-27,76,94,170
2015-07-28,57,104,161
2015-07-29,66,93,159
2015-07-30,66,87,153
2015-07-31,47,79,126
2015-08-01,63,93,156
2015-08-02,53,83,136
2015-08-03,48,94,142
2015-08-04,47,77,124
2015-08-05,54,82,136
2015-08-06,61,83,144
2015-08-07,60,84,144
2015-08-08,53,102,155
2015-08-09,60,72,132
2015-08-10,60,94,154
2015-08-11,65,92,157
2015-08-12,60,87,147
2015-08-13,64,85,149
2015-08-14,53,78,131
2015-08-15,60,90,150
2015-08-16,53,82,135
2015-08-17,68,96,164
2015-08-18,59,76,135
2015-08-19,48,97,145
2015-08-20,55,88,143
2015-08-21,49,88,137
2015-08-22,47,75,122
2015-08-23,51,86,137
2015-08-24,62,85,147
2015-08-25,67,99,166
2015-08-26,71,84,155
2015-08-27,62,81,143
2015-08-28,52,89,141
2015-08-29,62,89,151
2015-08-30,63,81,144
2015-08-31,74,87,161
2015-09-01,56,89,145
2015-09-02,50,86,136
2015-09-03,68,89,157
2015-09-04,58,104,162
2015-09-05,57,81,138
2015-09-06,51,93,144
2015-09-07,55,92,147
2015-09-08,48,81,129
2015-09-09,65,99,164
2015-09-10,54,87,141
2015-09-11,52,85,137
2015-09-12,56,94,150
2015-09-13,42,95,137
2015-09-14,41,94,135
2015-09-15,72,85,157
2015-09-16,66,102,168
2015-09-17,60,107,167
2015-09-18,66,115,181
2015-09-19,54,92,146
2015-09-20,46,94,140
2015-09-21,52,96,148
2015-09-22,44,102,146
2015-09-23,62,92,154
2015-09-24,61,103,164
2015-09-25,52,85,137
2015-09-26,50,96,146
2015-09-27,58,91,149
2015-09-28,61,95,156
2015-09-29,59,82,141
2015-09-30,53,85,138
2015-10-01,63,91,154
2015-10-02,51,86,137
2015-10-03,66,76,142
2015-10-04,56,75,131
2015-10-05,54,82,136
2015-10-06,54,80,134
2015-10-07,60,74,134
2015-10-08,63,79,142
2015-10-09,57,89,146
2015-10-10,67,78,145
2015-10-11,57,95,152
2015-10-12,75,107,182
2015-10-13,61,85,146
2015-10-14,73,117,190
2015-10-15,59,101,160
2015-10-16,54,85,139
2015-10-17,52,114,166
2015-10-18,85,96,181
2015-10-19,66,95,161
2015-10-20,75,104,179
2015-10-21,58,107,165
2015-10-22,58,103,161
2015-10-23,72,109,181
2015-10-24,54,108,162
2015-10-25,79,104,183
2015-10-26,84,113,197
2015-10-27,62,116,178
2015-10-28,81,85,166
2015-10-29,61,107,168
2015-10-30,79,122,201
2015-10-31,73,94,167
2015-11-01,81,89,170
2015-11-02,80,105,185
2015-11-03,72,115,187
2015-11-04,65,119,184
2015-11-05,82,114,196
2015-11-06,71,124,195
2015-11-07,74,113,187
2015-11-08,77,109,186
2015-11-09,79,111,190
2015-11-10,98,109,207
2015-11-11,76,116,192
2015-11-12,86,125,211
2015-11-13,78,110,188
2015-11-14,82,97,179
2015-11-15,86,123,209
2015-11-16,93,135,228
2015-11-17,82,134,216
2015-11-18,77,126,203
2015-11-19,90,126,216
2015-11-20,90,134,224
2015-11-21,100,104,204
2015-11-22,90,140,230
2015-11-23,91,109,200
2015-11-24,79,119,198
2015-11-25,84,145,229
2015-11-26,82,143,225
2015-11-27,87,119,206
2015-11-28,64,98,162
2015-11-29,88,114,202
2015-11-30,83,122,205
2015-12-01,74,122,196
2015-12-02,102,156,258
2015-12-03,89,126,215
2015-12-04,103,139,242
2015-12-05,90,98,188
2015-12-06,63,105,168
2015-12-07,77,108,185
2015-12-08,84,98,182
2015-12-09,80,106,186
2015-12-10,85,117,202
2015-12-11,87,112,199
2015-12-12,90,119,209
2015-12-13,85,105,190
2015-12-14,85,121,206
2015-12-15,91,121,212
2015-12-16,81,122,203
2015-12-17,76,122,198
2015-12-18,85,144,229
2015-12-19,77,116,193
2015-12-20,67,129,196
2015-12-21,95,117,212
2015-12-22,83,116,199
2015-12-23,68,107,175
2015-12-24,91,106,197
2015-12-25,68,112,180
2015-12-26,74,102,176
2015-12-27,76,129,205
2015-12-28,77,98,175
2015-12-29,67,105,172
2015-12-30,80,110,190
2015-12-31,96,115,211
2016-01-01,55,130,185
2016-01-02,77,109,186
2016-01-03,97,97,194
2016-01-04,80,109,189
2016-01-05,76,114,190
2016-01-06,80,108,188
2016-01-07,76,108,184
2016-01-08,72,93,165
2016-01-09,81,101,182
2016-01-10,83,103,186
2016-01-11,72,118,190
2016-01-12,59,123,182
2016-01-13,58,121,179
2016-01-14,76,112,188
2016-01-15,69,99,168
2016-01-16,73,134,207
2016-01-17,85,96,181
2016-01-18,89,113,202
2016-01-19,82,135,217
2016-01-20,72,129,201
2016-01-21,72,100,172
2016-01-22,81,94,175
2016-01-23,70,106,176
2016-01-24,75,100,175
2016-01-25,80,112,192
2016-01-26,83,114,197
2016-01-27,66,85,151
2016-01-28,64,100,164
2016-01-29,54,102,156
2016-01-30,66,95,161
2016-01-31,67,107,174
2016-02-01,59,104,163
2016-02-02,64,122,186
2016-02-03,86,83,169
2016-02-04,68,117,185
2016-02-05,68,105,173
2016-02-06,56,110,166
2016-02-07,56,98,154
2016-02-08,60,100,160
2016-02-09,64,101,165
2016-02-10,68,90,158
2016-02-11,67,98,165
2016-02-12,65,85,150
2016-02-13,63,97,160
2016-02-14,60,113,173
2016-02-15,67,108,175
2016-02-16,68,111,179
2016-02-17,59,98,157
2016-02-18,77,100,177
2016-02-19,64,90,154
2016-02-20,65,112,177
2016-02-21,56,82,138
2016-02-22,76,101,177
2016-02-23,56,99,155
2016-02-24,73,100,173
2016-02-25,71,103,174
2016-02-26,56,80,136
2016-02-27,63,92,155
2016-02-28,61,116,177
2016-02-29,66,80,146
2016-03-01,50,92,142
2016-03-02,60,85,145
2016-03-03,78,97,175
2016-03-04,60,99,159
2016-03-05,52,105,157
2016-03-06,63,106,169
2016-03-07,64,84,148
2016-03-08,52,81,133
2016-03-09,57,96,153
2016-03-10,58,104,162
2016-03-11,52,86,138
2016-03-12,69,97,166
2016-03-13,60,80,140
2016-03-14,62,97,159
2016-03-15,64,102,166
2016-03-16,65,96,161
2016-03-17,61,100,161
2016-03-18,63,82,145
2016-03-19,47,80,127
2016-03-20,60,79,139
2016-03-21,40,109,149
2016-03-22,49,84,133
2016-03-23,67,98,165
2016-03-24,50,107,157
2016-03-25,58,81,139
2016-03-26,50,90,140
2016-03-27,47,85,132
2016-03-28,60,81,141
2016-03-29,66,97,163
2016-03-30,55,75,130
2016-03-31,75,77,152
2016-04-01,54,87,141
2016-04-02,70,107,177
2016-04-03,74,89,163
2016-04-04,60,91,151
2016-04-05,59,95,154
2016-04-06,72,87,159
2016-04-07,69,84,153
2016-04-08,62,86,148
2016-04-09,52,82,134
2016-04-10,58,96,154
2016-04-11,60,103,163
2016-04-12,54,90,144
2016-04-13,70,94,164
2016-04-14,60,86,146
2016-04-15,48,103,151
2016-04-16,67,81,148
2016-04-17,69,98,167
2016-04-18,72,75,147
2016-04-19,52,91,143
2016-04-20,57,83,140
2016-04-21,55,66,121
2016-04-22,56,106,162
2016-04-23,79,92,171
2016-04-24,71,95,166
2016-04-25,80,104,184
2016-04-26,56,96,152
2016-04-27,63,107,170
2016-04-28,50,105,155
2016-04-29,73,78,151
2016-04-30,69,88,157
2016-05-01,67,91,158
2016-05-02,60,86,146
2016-05-03,68,92,160
2016-05-04,63,99,162
2016-05-05,43,88,131
2016-05-06,63,81,144
2016-05-07,66,99,165
2016-05-08,59,77,136
2016-05-09,77,87,164
2016-05-10,56,82,138
2016-05-11,60,104,164
2016-05-12,67,122,189
2016-05-13,81,114,195
2016-05-14,61,119,180
2016-05-15,67,89,156
2016-05-16,75,105,180
2016-05-17,55,91,146
2016-05-18,57,80,137
2016-05-19,44,77,121
2016-05-20,53,90,143
2016-05-21,63,127,190
2016-05-22,66,107,173
2016-05-23,62,105,167
2016-05-24,79,101,180
2016-05-25,75,104,179
2016-05-26,90,121,211
2016-05-27,80,110,190
2016-05-28,71,102,173
2016-05-29,77,116,193
2016-05-30,72,105,177
2016-05-31,66,89,155
2016-06-01,69,77,146
2016-06-02,64,103,167
2016-06-03,66,94,160
2016-06-04,53,78,131
2016-06-05,54,90,144
2016-06-06,81,82,163
2016-06-07,64,104,168
2016-06-08,65,74,139
2016-06-09,65,103,168
2016-06-10,63,89,152
2016-06-11,55,92,147
2016-06-12,52,91,143
2016-06-13,66,107,173
2016-06-14,71,121,192
2016-06-15,80,103,183
2016-06-16,75,95,170
2016-06-17,61,92,153
2016-06-18,67,75,142
2016-06-19,56,92,148
2016-06-20,53,96,149
2016-06-21,82,95,177
2016-06-22,49,76,125
2016-06-23,60,93,153
2016-06-24,57,85,142
2016-06-25,64,96,160
2016-06-26,48,99,147
2016-06-27,64,83,147
2016-06-28,65,83,148
2016-06-29,60,109,169
2016-06-30,56,90,146
2016-07-01,58,95,153
2016-07-02,63,94,157
2016-07-03,62,87,149
2016-07-04,60,99,159
2016-07-05,60,107,167
2016-07-06,57,92,149
2016-07-07,53,104,157
2016-07-08,65,92,157
2016-07-09,63,82,145
2016-07-10,66,118,184
2016-07-11,76,108,184
2016-07-12,79,101,180
2016-07-13,74,100,174
2016-07-14,64,82,146
2016-07-15,85,125,210
2016-07-16,59,87,146
2016-07-17,65,104,169
2016-07-18,61,82,143
2016-07-19,63,86,149
2016-07-20,43,87,130
2016-07-21,64,106,170
2016-07-22,58,82,140
2016-07-23,71,79,150
2016-07-24,60,65,125
2016-07-25,59,84,143
2016-07-26,52,92,144
2016-07-27,52,92,144
2016-07-28,70,66,136
2016-07-29,57,76,133
2016-07-30,52,83,135
2016-07-31,61,77,138
2016-08-01,65,90,155
2016-08-02,40,81,121
2016-08-03,57,99,156
2016-08-04,58,93,151
2016-08-05,58,87,145
2016-08-06,72,81,153
2016-08-07,62,95,157
2016-08-08,75,110,185
2016-08-09,70,95,165
2016-08-10,58,86,144
2016-08-11,73,90,163
2016-08-12,52,107,159
2016-08-13,51,90,141
2016-08-14,68,91,159
2016-08-15,65,80,145
2016-08-16,70,96,166
2016-08-17,57,100,157
2016-08-18,68,96,164
2016-08-19,73,92,165
2016-08-20,75,79,154
2016-08-21,69,101,170
2016-08-22,63,87,150
2016-08-23,64,85,149
2016-08-24,57,90,147
2016-08-25,49,85,134
2016-08-26,57,73,130
2016-08-27,61,88,149
2016-08-28,55,79,134
2016-08-29,57,104,161
2016-08-30,55,85,140
2016-08-31,54,89,143
2016-09-01,54,88,142
2016-09-02,52,90,142
2016-09-03,48,85,133
2016-09-04,64,100,164
2016-09-05,58,89,147
2016-09-06,64,85,149
2016-09-07,54,93,147
2016-09-08,77,92,169
2016-09-09,60,103,163
2016-09-10,57,102,159
2016-09-11,63,89,152
2016-09-12,55,82,137
2016-09-13,76,80,156
2016-09-14,57,94,151
2016-09-15,52,86,138
2016-09-16,52,78,130
2016-09-17,70,97,167
2016-09-18,71,96,167
2016-09-19,58,93,151
2016-09-20,56,88,144
2016-09-21,48,95,143
2016-09-22,57,111,168
2016-09-23,63,103,166
2016-09-24,67,84,151
2016-09-25,66,87,153
2016-09-26,78,117,195
2016-09-27,54,86,140
2016-09-28,55,99,154
2016-09-29,46,99,145
2016-09-30,76,93,169
2016-10-01,53,102,155
2016-10-02,54,72,126
2016-10-03,58,101,159
2016-10-04,62,91,153
2016-10-05,54,100,154
2016-10-06,61,105,166
2016-10-07,69,89,158
2016-10-08,55,81,136
2016-10-09,48,89,137
2016-10-10,77,89,166
2016-10-11,60,83,143
2016-10-12,64,74,138
2016-10-13,65,102,167
2016-10-14,64,88,152
2016-10-15,58,87,145
2016-10-16,60,84,144
2016-10-17,56,89,145
2016-10-18,59,76,135
2016-10-19,50,84,134
2016-10-20,47,77,124
2016-10-21,52,83,135
2016-10-22,48,77,125
2016-10-23,56,87,143
2016-10-24,68,82,150
2016-10-25,54,89,143
2016-10-26,63,94,157
2016-10-27,55,87,142
2016-10-28,70,70,140
2016-10-29,52,100,152
2016-10-30,63,105,168
2016-10-31,54,83,137
2016-11-01,67,91,158
2016-11-02,51,93,144
2016-11-03,57,87,144
2016-11-04,61,105,166
2016-11-05,74,87,161
2016-11-06,70,89,159
2016-11-07,56,92,148
2016-11-08,55,90,145
2016-11-09,56,98,154
2016-11-10,64,98,162
2016-11-11,80,102,182
2016-11-12,63,101,164
2016-11-13,54,99,153
2016-11-14,66,96,162
2016-11-15,60,89,149
2016-11-16,66,95,161
2016-11-17,72,98,170
2016-11-18,65,86,151
2016-11-19,45,100,145
2016-11-20,64,94,158
2016-11-21,66,115,181
2016-11-22,56,95,151
2016-11-23,69,95,164
2016-11-24,73,87,160
2016-11-25,65,86,151
2016-11-26,60,99,159
2016-11-27,59,78,137
2016-11-28,65,98,163
2016-11-29,64,90,154
2016-11-30,70,93,163
2016-12-01,65,81,146
2016-12-02,64,95,159
2016-12-03,71,92,163
2016-12-04,64,109,173
2016-12-05,59,99,158
2016-12-06,70,89,159
2016-12-07,67,107,174
2016-12-08,57,90,147
2016-12-09,69,112,181
2016-12-10,65,115,180
2016-12-11,75,91,166
2016-12-12,69,131,200
2016-12-13,78,107,185
2016-12-14,81,97,178
2016-12-15,72,115,187
2016-12-16,69,97,166
2016-12-17,75,103,178
2016-12-18,70,83,153
2016-12-19,73,101,174
2016-12-20,76,111,187
2016-12-21,67,122,189
2016-12-22,70,97,167
2016-12-23,59,86,145
2016-12-24,57,113,170
2016-12-25,69,109,178
2016-12-26,74,108,182
2016-12-27,75,123,198
2016-12-28,80,116,196
2016-12-29,84,108,192
2016-12-30,81,115,196
2016-12-31,76,100,176
2017-01-01,75,109,184
2017-01-02,83,127,210
2017-01-03,76,133,209
2017-01-04,73,95,168
2017-01-05,81,119,200
2017-01-06,68,100,168
2017-01-07,91,104,195
2017-01-08,71,103,174
2017-01-09,66,117,183
2017-01-10,60,111,171
2017-01-11,67,105,172
2017-01-12,85,102,187
2017-01-13,69,92,161
2017-01-14,61,115,176
2017-01-15,72,109,181
2017-01-16,72,111,183
2017-01-17,67,109,176
2017-01-18,73,125,198
2017-01-19,86,103,189
2017-01-20,77,110,187
2017-01-21,89,114,203
2017-01-22,88,105,193
2017-01-23,90,105,195
2017-01-24,83,107,190
2017-01-25,91,120,211
2017-01-26,79,114,193
2017-01-27,82,115,197
2017-01-28,72,118,190
2017-01-29,94,104,198
2017-01-30,67,114,181
2017-01-31,74,110,184
2017-02-01,80,116,196
2017-02-02,59,105,164
2017-02-03,62,113,175
2017-02-04,61,98,159
2017-02-05,72,112,184
2017-02-06,86,103,189
2017-02-07,59,114,173
2017-02-08,61,107,168
2017-02-09,71,100,171
2017-02-10,69,103,172
2017-02-11,57,95,152
2017-02-12,67,132,199
2017-02-13,80,96,176
2017-02-14,59,107,166
2017-02-15,65,95,160
2017-02-16,77,90,167
2017-02-17,70,107,177
2017-02-18,85,116,201
2017-02-19,75,96,171
2017-02-20,89,106,195
2017-02-21,87,104,191
2017-02-22,66,113,179
2017-02-23,64,104,168
2017-02-24,82,108,190
2017-02-25,61,107,168
2017-02-26,89,118,207
2017-02-27,70,89,159
2017-02-28,69,102,171
2017-03-01,53,105,158
2017-03-02,66,94,160
2017-03-03,59,96,155
2017-03-04,70,90,160
2017-03-05,77,107,184
2017-03-06,71,101,172
2017-03-07,76,102,178
2017-03-08,77,104,181
2017-03-09,66,90,156
2017-03-10,69,91,160
2017-03-11,63,106,169
2017-03-12,77,103,180
2017-03-13,89,95,184
2017-03-14,57,92,149
2017-03-15,61,101,162
2017-03-16,73,84,157
2017-03-17,64,101,165
2017-03-18,65,92,157
2017-03-19,66,74,140
2017-03-20,52,82,134
2017-03-21,56,108,164
2017-03-22,54,89,143
2017-03-23,59,89,148
2017-03-24,64,87,151
2017-03-25,66,101,167
2017-03-26,51,95,146
2017-03-27,63,103,166
2017-03-28,50,92,142
2017-03-29,60,96,156
2017-03-30,67,94,161
2017-03-31,76,94,170
2017-04-01,57,95,152
2017-04-02,62,83,145
2017-04-03,70,91,161
2017-04-04,68,92,160
2017-04-05,86,106,192
2017-04-06,48,93,141
2017-04-07,69,98,167
2017-04-08,67,84,151
2017-04-09,56,81,137
2017-04-10,68,86,154
2017-04-11,65,92,157
2017-04-12,68,86,154
2017-04-13,59,96,155
2017-04-14,48,86,134
2017-04-15,51,85,136
2017-04-16,59,79,138
2017-04-17,82,120,202
2017-04-18,75,109,184
2017-04-19,68,105,173
2017-04-20,49,77,126
2017-04-21,57,91,148
2017-04-22,73,82,155
2017-04-23,77,93,170
2017-04-24,83,100,183
2017-04-25,76,95,171
2017-04-26,66,75,141
2017-04-27,63,98,161
2017-04-28,78,96,174
2017-04-29,65,93,158
2017-04-30,60,83,143
2017-05-01,66,97,163
2017-05-02,49,87,136
2017-05-03,54,76,130
2017-05-04,74,83,157
2017-05-05,61,108,169
2017-05-06,72,103,175
2017-05-07,72,101,173
2017-05-08,70,95,165
2017-05-09,63,101,164
2017-05-10,61,106,167
2017-05-11,63,83,146
2017-05-12,72,93,165
2017-05-13,65,101,166
2017-05-14,72,106,178
2017-05-15,68,111,179
2017-05-16,96,122,218
2017-05-17,92,128,220
2017-05-18,87,126,213
2017-05-19,100,120,220
2017-05-20,80,113,193
2017-05-21,83,103,186
2017-05-22,103,120,223
2017-05-23,95,125,220
2017-05-24,79,105,184
2017-05-25,76,100,176
2017-05-26,78,127,205
2017-05-27,90,106,196
2017-05-28,73,121,194
2017-05-29,98,100,198
2017-05-30,89,116,205
2017-05-31,103,123,226
2017-06-01,87,118,205
2017-06-02,86,103,189
2017-06-03,95,115,210
2017-06-04,69,131,200
2017-06-05,95,124,219
2017-06-06,77,110,187
2017-06-07,80,81,161
2017-06-08,61,75,136
2017-06-09,63,88,151
2017-06-10,73,96,169
2017-06-11,71,114,185
2017-06-12,76,105,181
2017-06-13,81,92,173
2017-06-14,81,98,179
2017-06-15,64,91,155
2017-06-16,61,94,155
2017-06-17,68,81,149
2017-06-18,55,84,139
2017-06-19,66,82,148
2017-06-20,64,76,140
2017-06-21,51,92,143
2017-06-22,75,91,166
2017-06-23,70,93,163
2017-06-24,64,105,169
2017-06-25,56,80,136
2017-06-26,65,87,152
2017-06-27,65,89,154
2017-06-28,61,94,155
2017-06-29,69,89,158
2017-06-30,70,99,169
2017-07-01,92,92,184
2017-07-02,66,104,170
2017-07-03,72,113,185
2017-07-04,81,112,193
2017-07-05,72,93,165
2017-07-06,79,80,159
2017-07-07,76,98,174
2017-07-08,51,103,154
2017-07-09,68,110,178
2017-07-10,63,96,159
2017-07-11,67,101,168
2017-07-12,61,90,151
2017-07-13,62,107,169
2017-07-14,58,95,153
2017-07-15,54,108,162
2017-07-16,60,111,171
2017-07-17,75,76,151
2017-07-18,61,97,158
2017-07-19,64,106,170
2017-07-20,73,85,158
2017-07-21,57,108,165
2017-07-22,73,105,178
2017-07-23,85,111,196
2017-07-24,79,112,191
2017-07-25,76,124,200
2017-07-26,89,115,204
2017-07-27,63,86,149
2017-07-28,61,96,157
2017-07-29,63,91,154
2017-07-30,68,97,165
2017-07-31,66,92,158
2017-08-01,75,105,180
2017-08-02,58,73,131
2017-08-03,65,92,157
2017-08-04,59,86,145
2017-08-05,73,93,166
2017-08-06,73,85,158
2017-08-07,57,100,157
2017-08-08,60,123,183
2017-08-09,58,104,162
2017-08-10,54,123,177
2017-08-11,64,105,169
2017-08-12,63,88,151
2017-08-13,45,73,118
2017-08-14,79,111,190
2017-08-15,54,104,158
2017-08-16,70,92,162
2017-08-17,75,125,200
2017-08-18,50,109,159
2017-08-19,56,98,154
2017-08-20,65,105,170
2017-08-21,65,89,154
2017-08-22,58,94,152
2017-08-23,74,96,170
2017-08-24,58,88,146
2017-08-25,58,92,150
2017-08-26,73,104,177
2017-08-27,69,102,171
2017-08-28,83,108,191
2017-08-29,82,91,173
2017-08-30,92,114,206
2017-08-31,78,107,185
2017-09-01,70,110,180
2017-09-02,75,117,192
2017-09-03,57,102,159
2017-09-04,85,126,211
2017-09-05,74,125,199
2017-09-06,62,111,173
2017-09-07,78,113,191
2017-09-08,77,107,184
2017-09-09,79,134,213
2017-09-10,67,113,180
2017-09-11,70,132,202
2017-09-12,68,112,180
2017-09-13,82,103,185
2017-09-14,55,123,178
2017-09-15,57,123,180
2017-09-16,73,107,180
2017-09-17,70,107,177
2017-09-18,79,108,187
2017-09-19,85,105,190
2017-09-20,80,134,214
2017-09-21,100,119,219
2017-09-22,86,125,211
2017-09-23,74,130,204
2017-09-24,81,109,190
2017-09-25,63,102,165
2017-09-26,78,120,198
2017-09-27,64,117,181
2017-09-28,80,135,215
2017-09-29,92,100,192
2017-09-30,74,100,174
2017-10-01,73,120,193
2017-10-02,70,123,193
2017-10-03,66,122,188
2017-10-04,78,107,185
2017-10-05,71,109,180
2017-10-06,79,128,207
2017-10-07,69,102,171
2017-10-08,68,121,189
2017-10-09,71,104,175
2017-10-10,73,111,184
2017-10-11,93,107,200
2017-10-12,73,113,186
2017-10-13,57,121,178
2017-10-14,61,103,164
2017-10-15,78,100,178
2017-10-16,63,105,168
2017-10-17,72,99,171
2017-10-18,74,86,160
2017-10-19,69,123,192
2017-10-20,77,100,177
2017-10-21,63,124,187
2017-10-22,82,116,198
2017-10-23,62,114,176
2017-10-24,76,108,184
2017-10-25,75,104,179
2017-10-26,72,134,206
2017-10-27,70,100,170
2017-10-28,62,96,158
2017-10-29,76,104,180
2017-10-30,71,111,182
2017-10-31,79,103,182
2017-11-01,71,95,166
2017-11-02,60,97,157
2017-11-03,80,127,207
2017-11-04,80,117,197
2017-11-05,68,109,177
2017-11-06,82,92,174
2017-11-07,59,96,155
2017-11-08,68,94,162
2017-11-09,62,108,170
2017-11-10,85,106,191
2017-11-11,77,138,215
2017-11-12,64,98,162
2017-11-13,62,113,175
2017-11-14,66,101,167
2017-11-15,85,148,233
2017-11-16,85,148,233
2017-11-17,79,116,195
2017-11-18,77,111,188
2017-11-19,83,108,191
2017-11-20,84,115,199
2017-11-21,69,118,187
2017-11-22,88,104,192
2017-11-23,81,123,204
2017-11-24,61,107,168
2017-11-25,67,107,174
2017-11-26,58,128,186
2017-11-27,63,97,160
2017-11-28,75,101,176
2017-11-29,83,124,207
2017-11-30,73,104,177
2017-12-01,63,105,168
2017-12-02,51,102,153
2017-12-03,50,107,157
2017-12-04,71,105,176
2017-12-05,83,99,182
2017-12-06,82,95,177
2017-12-07,77,109,186
2017-12-08,70,95,165
2017-12-09,83,104,187
2017-12-10,64,110,174
2017-12-11,64,111,175
2017-12-12,74,101,175
2017-12-13,75,96,171
2017-12-14,62,101,163
2017-12-15,72,104,176
2017-12-16,56,109,165
2017-12-17,86,105,191
2017-12-18,77,111,188
2017-12-19,55,129,184
2017-12-20,77,111,188
2017-12-21,90,92,182
2017-12-22,64,102,166
2017-12-23,70,112,182
2017-12-24,61,97,158
2017-12-25,74,100,174
2017-12-26,77,111,188
2017-12-27,65,105,170
2017-12-28,83,132,215
2017-12-29,88,131,219
2017-12-30,61,107,168
2017-12-31,89,109,198
2018-01-01,89,113,202
2018-01-02,85,117,202
2018-01-03,77,114,191
2018-01-04,83,124,207
2018-01-05,80,104,184
2018-01-06,70,111,181
2018-01-07,95,117,212
2018-01-08,73,110,183
2018-01-09,75,109,184
2018-01-10,72,89,161
2018-01-11,70,118,188
2018-01-12,76,93,169
2018-01-13,61,110,171
2018-01-14,68,117,185
2018-01-15,82,100,182
2018-01-16,82,108,190
2018-01-17,72,123,195
2018-01-18,80,115,195
2018-01-19,70,108,178
2018-01-20,69,108,177
2018-01-21,79,88,167
2018-01-22,82,105,187
2018-01-23,67,96,163
2018-01-24,81,92,173
2018-01-25,74,113,187
2018-01-26,82,110,192
2018-01-27,77,98,175
2018-01-28,68,120,188
2018-01-29,79,100,179
2018-01-30,90,103,193
2018-01-31,65,87,152
2018-02-01,89,129,218
2018-02-02,82,119,201
2018-02-03,67,129,196
2018-02-04,95,111,206
2018-02-05,90,116,206
2018-02-06,83,120,203
2018-02-07,89,118,207
2018-02-08,93,116,209
2018-02-09,66,107,173
2018-02-10,89,102,191
2018-02-11,84,116,200
2018-02-12,78,114,192
2018-02-13,74,109,183
2018-02-14,89,93,182
2018-02-15,68,110,178
2018-02-16,69,121,190
2018-02-17,67,92,159
2018-02-18,74,111,185
2018-02-19,72,114,186
2018-02-20,74,127,201
2018-02-21,61,107,168
2018-02-22,74,125,199
2018-02-23,71,107,178
2018-02-24,66,96,162
2018-02-25,71,111,182
2018-02-26,65,100,165
2018-02-27,71,105,176
2018-02-28,74,115,189
2018-03-01,75,107,182
2018-03-02,56,85,141
2018-03-03,77,89,166
2018-03-04,70,101,171
2018-03-05,65,100,165
2018-03-06,69,110,179
2018-03-07,60,106,166
2018-03-08,53,107,160
2018-03-09,75,80,155
2018-03-10,70,102,172
2018-03-11,69,102,171
2018-03-12,70,106,176
2018-03-13,67,102,169
2018-03-14,73,102,175
2018-03-15,60,96,156
2018-03-16,61,119,180
2018-03-17,72,111,183
2018-03-18,69,103,172
2018-03-19,62,97,159
2018-03-20,58,111,169
2018-03-21,71,83,154
2018-03-22,79,100,179
2018-03-23,80,110,190
2018-03-24,60,99,159
2018-03-25,68,107,175
2018-03-26,66,87,153
2018-03-27,64,87,151
2018-03-28,58,97,155
2018-03-29,60,84,144
2018-03-30,55,98,153
2018-03-31,83,79,162
2018-04-01,64,101,165
2018-04-02,68,89,157
2018-04-03,63,104,167
2018-04-04,63,75,138
2018-04-05,64,96,160
2018-04-06,70,92,162
2018-04-07,59,93,152
2018-04-08,67,77,144
2018-04-09,65,86,151
2018-04-10,58,86,144
2018-04-11,69,85,154
2018-04-12,77,87,164
2018-04-13,55,92,147
2018-04-14,67,85,152
2018-04-15,91,100,191
2018-04-16,63,91,154
2018-04-17,62,95,157
2018-04-18,55,94,149
2018-04-19,50,88,138
2018-04-20,70,89,159
2018-04-21,60,108,168
2018-04-22,69,93,162
2018-04-23,76,99,175
2018-04-24,65,69,134
2018-04-25,76,93,169
2018-04-26,67,100,167
2018-04-27,67,92,159
2018-04-28,79,112,191
2018-04-29,65,96,161
2018-04-30,84,97,181
2018-05-01,56,102,158
2018-05-02,66,88,154
2018-05-03,60,101,161
2018-05-04,58,80,138
2018-05-05,68,97,165
2018-05-06,74,101,175
2018-05-07,61,100,161
2018-05-08,77,102,179
2018-05-09,71,110,181
2018-05-10,63,108,171
2018-05-11,61,95,156
2018-05-12,74,87,161
2018-05-13,62,93,155
2018-05-14,60,100,160
2018-05-15,68,95,163
2018-05-16,80,108,188
2018-05-17,71,102,173
2018-05-18,64,88,152
2018-05-19,64,108,172
2018-05-20,63,85,148
2018-05-21,62,94,156
2018-05-22,64,115,179
2018-05-23,67,106,173
2018-05-24,66,97,163
2018-05-25,51,84,135
2018-05-26,69,93,162
2018-05-27,65,97,162
2018-05-28,73,96,169
2018-05-29,64,108,172
2018-05-30,80,97,177
2018-05-31,90,109,199
2018-06-01,95,102,197
2018-06-02,70,106,176
2018-06-03,69,105,174
2018-06-04,78,112,190
2018-06-05,73,122,195
2018-06-06,72,95,167
2018-06-07,65,107,172
2018-06-08,67,100,167
2018-06-09,78,118,196
2018-06-10,68,113,181
2018-06-11,63,123,186
2018-06-12,73,97,170
2018-06-13,72,111,183
2018-06-14,60,120,180
2018-06-15,80,85,165
2018-06-16,56,103,159
2018-06-17,67,98,165
2018-06-18,70,104,174
2018-06-19,60,108,168
2018-06-20,80,105,185
2018-06-21,67,116,183
2018-06-22,68,89,157
2018-06-23,70,88,158
2018-06-24,71,92,163
2018-06-25,66,79,145
2018-06-26,71,87,158
2018-06-27,68,86,154
2018-06-28,55,78,133
2018-06-29,59,91,150
2018-06-30,67,99,166
2018-07-01,75,94,169
2018-07-02,74,95,169
2018-07-03,57,89,146
2018-07-04,73,94,167
2018-07-05,74,108,182
2018-07-06,73,101,174
2018-07-07,80,95,175
2018-07-08,63,105,168
2018-07-09,61,100,161
2018-07-10,57,109,166
2018-07-11,67,99,166
2018-07-12,49,95,144
2018-07-13,61,75,136
2018-07-14,65,101,166
2018-07-15,62,86,148
2018-07-16,73,107,180
2018-07-17,69,100,169
2018-07-18,65,94,159
2018-07-19,60,120,180
2018-07-20,75,113,188
2018-07-21,67,90,157
2018-07-22,73,86,159
2018-07-23,63,119,182
2018-07-24,77,99,176
2018-07-25,74,102,176
2018-07-26,63,108,171
2018-07-27,59,82,141
2018-07-28,61,85,146
2018-07-29,75,95,170
2018-07-30,72,104,176
2018-07-31,55,91,146
2018-08-01,73,82,155
2018-08-02,68,86,154
2018-08-03,54,62,116
2018-08-04,51,95,146
2018-08-05,55,91,146
2018-08-06,67,126,193
2018-08-07,56,92,148
2018-08-08,55,90,145
2018-08-09,55,77,132
2018-08-10,54,80,134
2018-08-11,65,94,159
2018-08-12,51,74,125
2018-08-13,52,95,147
2018-08-14,59,97,156
2018-08-15,70,99,169
2018-08-16,43,92,135
2018-08-17,75,96,171
2018-08-18,54,102,156
2018-08-19,69,81,150
2018-08-20,67,98,165
2018-08-21,65,109,174
2018-08-22,71,108,179
2018-08-23,83,107,190
2018-08-24,59,93,152
2018-08-25,63,104,167
2018-08-26,58,94,152
2018-08-27,65,84,149
2018-08-28,72,77,149
2018-08-29,52,95,147
2018-08-30,60,106,166
2018-08-31,54,101,155
2018-09-01,59,95,154
2018-09-02,32,89,121
2018-09-03,75,100,175
2018-09-04,63,116,179
2018-09-05,60,101,161
2018-09-06,71,94,165
2018-09-07,58,112,170
2018-09-08,64,79,143
2018-09-09,53,98,151
2018-09-10,59,88,147
2018-09-11,77,99,176
2018-09-12,67,119,186
2018-09-13,64,93,157
2018-09-14,52,93,145
2018-09-15,63,86,149
2018-09-16,76,86,162
2018-09-17,55,104,159
2018-09-18,66,80,146
2018-09-19,64,93,157
2018-09-20,60,92,152
2018-09-21,71,97,168
2018-09-22,67,93,160
2018-09-23,52,104,156
2018-09-24,62,103,165
2018-09-25,67,108,175
2018-09-26,61,82,143
2018-09-27,88,98,186
2018-09-28,65,88,153
2018-09-29,76,111,187
2018-09-30,61,98,159
2018-10-01,71,99,170
2018-10-02,72,97,169
2018-10-03,71,76,147
2018-10-04,61,84,145
2018-10-05,44,103,147
2018-10-06,57,90,147
2018-10-07,66,97,163
2018-10-08,58,115,173
2018-10-09,65,92,157
2018-10-10,73,94,167
2018-10-11,83,108,191
2018-10-12,78,110,188
2018-10-13,76,101,177
2018-10-14,67,108,175
2018-10-15,71,130,201
2018-10-16,77,95,172
2018-10-17,59,104,163
2018-10-18,70,117,187
2018-10-19,54,118,172
2018-10-20,81,112,193
2018-10-21,71,132,203
2018-10-22,81,116,197
2018-10-23,88,133,221
2018-10-24,61,105,166
2018-10-25,77,114,191
2018-10-26,81,119,200
2018-10-27,83,107,190
2018-10-28,94,115,209
2018-10-29,81,116,197
2018-10-30,86,128,214
2018-10-31,69,142,211
2018-11-01,74,112,186
2018-11-02,78,118,196
2018-11-03,68,121,189
2018-11-04,72,135,207
2018-11-05,82,117,199
2018-11-06,79,101,180
2018-11-07,81,130,211
2018-11-08,88,107,195
2018-11-09,84,125,209
2018-11-10,99,118,217
2018-11-11,79,114,193
2018-11-12,81,131,212
2018-11-13,77,129,206
2018-11-14,101,111,212
2018-11-15,89,133,222
2018-11-16,87,125,212
2018-11-17,79,115,194
2018-11-18,93,106,199
2018-11-19,72,107,179
2018-11-20,69,118,187
2018-11-21,80,105,185
2018-11-22,49,113,162
2018-11-23,86,115,201
2018-11-24,71,118,189
2018-11-25,62,103,165
2018-11-26,68,129,197
2018-11-27,76,101,177
2018-11-28,88,100,188
2018-11-29,76,106,182
2018-11-30,66,106,172
2018-12-01,74,114,188
2018-12-02,74,97,171
2018-12-03,79,116,195
2018-12-04,67,112,179
2018-12-05,78,89,167
2018-12-06,78,115,193
2018-12-07,80,112,192
2018-12-08,66,101,167
2018-12-09,71,90,161
2018-12-10,70,124,194
2018-12-11,71,127,198
2018-12-12,84,110,194
2018-12-13,60,100,160
2018-12-14,101,96,197
2018-12-15,60,110,170
2018-12-16,65,92,157
2018-12-17,80,111,191
2018-12-18,73,118,191
2018-12-19,80,117,197
2018-12-20,69,104,173
2018-12-21,84,110,194
2018-12-22,81,103,184
2018-12-23,61,119,180
2018-12-24,88,101,189
2018-12-25,81,114,195
2018-12-26,77,107,184
2018-12-27,64,125,189
2018-12-28,85,116,201
2018-12-29,78,102,180
2018-12-30,68,120,188
2018-12-31,66,118,184
2019-01-01,67,119,186
2019-01-02,63,113,176
2019-01-03,60,120,180
2019-01-04,95,107,202
2019-01-05,79,101,180
2019-01-06,77,101,178
2019-01-07,95,132,227
2019-01-08,91,112,203
2019-01-09,77,104,181
2019-01-10,79,108,187
2019-01-11,79,139,218
2019-01-12,96,112,208
2019-01-13,76,137,213
2019-01-14,96,115,211
2019-01-15,95,129,224
2019-01-16,89,116,205
2019-01-17,82,102,184
2019-01-18,90,130,220
2019-01-19,71,129,200
2019-01-20,71,93,164
2019-01-21,73,127,200
2019-01-22,94,124,218
2019-01-23,77,119,196
2019-01-24,90,105,195
2019-01-25,85,117,202
2019-01-26,97,126,223
2019-01-27,73,108,181
2019-01-28,91,116,207
2019-01-29,88,112,200
2019-01-30,74,111,185
2019-01-31,74,101,175
2019-02-01,88,103,191
2019-02-02,74,105,179
2019-02-03,72,115,187
2019-02-04,78,101,179
2019-02-05,72,113,185
2019-02-06,64,84,148
2019-02-07,74,124,198
2019-02-08,85,115,200
2019-02-09,70,110,180
2019-02-10,83,104,187
2019-02-11,66,103,169
2019-02-12,78,91,169
2019-02-13,77,96,173
2019-02-14,84,111,195
2019-02-15,74,111,185
2019-02-16,67,119,186
2019-02-17,69,109,178
2019-02-18,77,120,197
2019-02-19,64,115,179
2019-02-20,82,101,183
2019-02-21,73,103,176
2019-02-22,75,107,182
2019-02-23,77,113,190
2019-02-24,61,107,168
2019-02-25,76,97,173
2019-02-26,67,112,179
2019-02-27,74,86,160
2019-02-28,77,116,193
2019-03-01,87,127,214
2019-03-02,82,113,195
2019-03-03,80,97,177
2019-03-04,74,95,169
2019-03-05,63,118,181
2019-03-06,80,117,197
2019-03-07,69,106,175
2019-03-08,67,98,165
2019-03-09,71,84,155
2019-03-10,74,86,160
2019-03-11,89,112,201
2019-03-12,56,98,154
2019-03-13,65,102,167
2019-03-14,63,114,177
2019-03-15,72,116,188
2019-03-16,73,83,156
2019-03-17,57,115,172
2019-03-18,78,110,188
2019-03-19,67,119,186
2019-03-20,73,112,185
2019-03-21,75,101,176
2019-03-22,75,90,165
2019-03-23,65,91,156
2019-03-24,72,92,164
2019-03-25,75,98,173
2019-03-26,47,110,157
2019-03-27,75,82,157
2019-03-28,77,97,174
2019-03-29,75,90,165
2019-03-30,71,96,167
2019-03-31,63,87,150
2019-04-01,75,96,171
2019-04-02,60,101,161
2019-04-03,65,96,161
2019-04-04,69,89,158
2019-04-05,70,100,170
2019-04-06,64,97,161
2019-04-07,57,92,149
2019-04-08,60,91,151
2019-04-09,66,104,170
2019-04-10,62,101,163
2019-04-11,52,92,144
2019-04-12,64,101,165
2019-04-13,63,95,158
2019-04-14,65,95,160
2019-04-15,71,107,178
2019-04-16,67,96,163
2019-04-17,59,98,157
2019-04-18,70,107,177
2019-04-19,73,96,169
2019-04-20,58,97,155
2019-04-21,76,104,180
2019-04-22,74,108,182
2019-04-23,65,102,167
2019-04-24,62,94,156
2019-04-25,67,84,151
2019-04-26,76,103,179
2019-04-27,65,102,167
2019-04-28,60,76,136
2019-04-29,58,98,156
2019-04-30,64,98,162
2019-05-01,70,95,165
2019-05-02,75,105,180
2019-05-03,78,116,194
2019-05-04,70,108,178
2019-05-05,83,116,199
2019-05-06,74,112,186
2019-05-07,86,124,210
2019-05-08,79,115,194
2019-05-09,68,104,172
2019-05-10,84,101,185
2019-05-11,65,118,183
2019-05-12,86,111,197
2019-05-13,69,117,186
2019-05-14,72,108,180
2019-05-15,71,124,195
2019-05-16,81,92,173
2019-05-17,85,86,171
2019-05-18,73,106,179
2019-05-19,86,114,200
2019-05-20,61,103,164
2019-05-21,78,84,162
2019-05-22,85,120,205
2019-05-23,73,100,173
2019-05-24,88,112,200
2019-05-25,70,103,173
2019-05-26,70,115,185
2019-05-27,87,116,203
2019-05-28,76,107,183
2019-05-29,94,109,203
2019-05-30,87,80,167
2019-05-31,84,102,186
2019-06-01,74,109,183
2019-06-02,87,113,200
2019-06-03,76,107,183
2019-06-04,93,113,206
2019-06-05,100,125,225
2019-06-06,90,119,209
2019-06-07,90,117,207
2019-06-08,74,119,193
2019-06-09,97,121,218
2019-06-10,64,116,180
2019-06-11,92,114,206
2019-06-12,73,138,211
2019-06-13,105,117,222
2019-06-14,106,150,256
2019-06-15,105,131,236
2019-06-16,116,115,231
2019-06-17,100,133,233
2019-06-18,115,137,252
2019-06-19,108,133,241
2019-06-20,129,126,255
2019-06-21,82,120,202
2019-06-22,90,112,202
2019-06-23,90,96,186
2019-06-24,73,107,180
2019-06-25,72,108,180
2019-06-26,66,107,173
2019-06-27,69,92,161
2019-06-28,87,107,194
2019-06-29,71,94,165
2019-06-30,77,95,172
2019-07-01,81,120,201
2019-07-02,62,103,165
2019-07-03,54,83,137
2019-07-04,63,92,155
2019-07-05,60,99,159
2019-07-06,73,82,155
2019-07-07,67,95,162
2019-07-08,73,103,176
2019-07-09,76,107,183
2019-07-10,58,110,168
2019-07-11,61,85,146
2019-07-12,65,100,165
2019-07-13,63,118,181
2019-07-14,65,92,157
2019-07-15,68,98,166
2019-07-16,66,97,163
2019-07-17,56,95,151
2019-07-18,70,101,171
2019-07-19,55,101,156
2019-07-20,57,92,149
2019-07-21,60,105,165
2019-07-22,70,106,176
2019-07-23,70,96,166
2019-07-24,63,101,164
2019-07-25,47,96,143
2019-07-26,62,99,161
2019-07-27,68,103,171
2019-07-28,67,96,163
2019-07-29,70,95,165
2019-07-30,66,106,172
2019-07-31,81,103,184
2019-08-01,58,109,167
2019-08-02,69,113,182
2019-08-03,62,87,149
2019-08-04,58,111,169
2019-08-05,82,101,183
2019-08-06,73,112,185
2019-08-07,62,120,182
2019-08-08,61,107,168
2019-08-09,63,101,164
2019-08-10,65,127,192
2019-08-11,85,106,191
2019-08-12,61,108,169
2019-08-13,87,103,190
2019-08-14,59,95,154
2019-08-15,83,112,195
2019-08-16,72,106,178
2019-08-17,58,111,169
2019-08-18,60,95,155
2019-08-19,57,94,151
2019-08-20,70,86,156
2019-08-21,60,89,149
2019-08-22,85,97,182
2019-08-23,63,93,156
2019-08-24,83,107,190
2019-08-25,55,97,152
2019-08-26,62,108,170
2019-08-27,75,95,170
2019-08-28,68,116,184
2019-08-29,66,100,166
2019-08-30,82,117,199
2019-08-31,72,103,175
2019-09-01,52,90,142
2019-09-02,56,101,157
2019-09-03,81,101,182
2019-09-04,64,128,192
2019-09-05,65,89,154
2019-09-06,64,119,183
2019-09-07,67,98,165
2019-09-08,79,115,194
2019-09-09,82,119,201
2019-09-10,101,108,209
2019-09-11,75,98,173
2019-09-12,74,95,169
2019-09-13,86,139,225
2019-09-14,69,113,182
2019-09-15,64,118,182
2019-09-16,77,105,182
2019-09-17,51,100,151
2019-09-18,80,90,170
2019-09-19,70,120,190
2019-09-20,54,92,146
2019-09-21,60,117,177
2019-09-22,69,116,185
2019-09-23,73,116,189
2019-09-24,76,116,192
2019-09-25,69,120,189
2019-09-26,83,94,177
2019-09-27,75,101,176
2019-09-28,70,111,181
2019-09-29,55,119,174
2019-09-30,71,132,203
2019-10-01,71,98,169
2019-10-02,62,122,184
2019-10-03,71,116,187
2019-10-04,66,108,174
2019-10-05,79,124,203
2019-10-06,69,108,177
2019-10-07,91,113,204
2019-10-08,84,113,197
2019-10-09,81,106,187
2019-10-10,73,114,187
2019-10-11,86,103,189
2019-10-12,93,135,228
2019-10-13,82,117,199
2019-10-14,98,115,213
2019-10-15,76,125,201
2019-10-16,76,107,183
2019-10-17,53,110,163
2019-10-18,71,107,178
2019-10-19,75,107,182
2019-10-20,64,116,180
2019-10-21,69,113,182
2019-10-22,67,128,195
2019-10-23,84,142,226
2019-10-24,74,104,178
2019-10-25,79,128,207
2019-10-26,94,110,204
2019-10-27,78,114,192
2019-10-28,89,135,224
2019-10-29,86,126,212
2019-10-30,84,100,184
2019-10-31,80,111,191
2019-11-01,82,137,219
2019-11-02,102,131,233
2019-11-03,82,133,215
2019-11-04,96,156,252
2019-11-05,96,127,223
2019-11-06,102,130,232
2019-11-07,95,119,214
2019-11-08,81,143,224
2019-11-09,104,128,232
2019-11-10,68,116,184
2019-11-11,101,113,214
2019-11-12,85,118,203
2019-11-13,78,124,202
2019-11-14,95,129,224
2019-11-15,67,122,189
2019-11-16,80,106,186
2019-11-17,69,105,174
2019-11-18,93,113,206
2019-11-19,69,121,190
2019-11-20,74,94,168
2019-11-21,69,111,180
2019-11-22,68,119,187
2019-11-23,70,108,178
2019-11-24,75,119,194
2019-11-25,83,109,192
2019-11-26,88,101,189
2019-11-27,72,105,177
2019-11-28,77,107,184
2019-11-29,77,111,188
2019-11-30,82,121,203
2019-12-01,72,97,169
2019-12-02,77,114,191
2019-12-03,64,111,175
2019-12-04,82,96,178
2019-12-05,78,104,182
2019-12-06,64,115,179
2019-12-07,60,92,152
2019-12-08,86,124,210
2019-12-09,84,100,184
2019-12-10,63,105,168
2019-12-11,82,124,206
2019-12-12,84,105,189
2019-12-13,84,95,179
2019-12-14,82,118,200
2019-12-15,81,112,193
2019-12-16,77,128,205
2019-12-17,80,118,198
2019-12-18,84,97,181
2019-12-19,83,99,182
2019-12-20,64,104,168
2019-12-21,91,98,189
2019-12-22,59,81,140
2019-12-23,79,141,220
2019-12-24,90,119,209
2019-12-25,84,113,197
2019-12-26,59,95,154
2019-12-27,74,88,162
2019-12-28,80,98,178
2019-12-29,76,111,187
2019-12-30,60,101,161
2019-12-31,74,115,189
2020-01-01,79,133,212
2020-01-02,71,98,169
2020-01-03,62,133,195
2020-01-04,74,100,174
2020-01-05,94,106,200
2020-01-06,77,118,195
2020-01-07,84,96,180
2020-01-08,68,117,185
2020-01-09,77,107,184
2020-01-10,67,96,163
2020-01-11,76,104,180
2020-01-12,79,113,192
2020-01-13,75,102,177
2020-01-14,69,96,165
2020-01-15,71,118,189
2020-01-16,91,126,217
2020-01-17,63,120,183
2020-01-18,83,121,204
2020-01-19,91,114,205
2020-01-20,74,121,195
2020-01-21,76,125,201
2020-01-22,74,134,208
2020-01-23,78,108,186
2020-01-24,84,122,206
2020-01-25,76,100,176
2020-01-26,75,107,182
2020-01-27,69,105,174
2020-01-28,68,124,192
2020-01-29,72,109,181
2020-01-30,64,111,175
2020-01-31,78,106,184
2020-02-01,75,101,176
2020-02-02,85,118,203
2020-02-03,95,111,206
2020-02-04,79,92,171
2020-02-05,70,93,163
2020-02-06,75,138,213
2020-02-07,84,118,202
2020-02-08,52,122,174
2020-02-09,81,112,193
2020-02-10,79,105,184
2020-02-11,74,103,177
2020-02-12,87,116,203
2020-02-13,76,103,179
2020-02-14,87,104,191
2020-02-15,52,119,171
2020-02-16,83,105,188
2020-02-17,67,95,162
2020-02-18,74,112,186
2020-02-19,66,104,170
2020-02-20,74,104,178
2020-02-21,62,101,163
2020-02-22,53,105,158
2020-02-23,86,94,180
2020-02-24,77,109,186
2020-02-25,78,109,187
2020-02-26,73,96,169
2020-02-27,72,106,178
2020-02-28,83,108,191
2020-02-29,74,96,170
2020-03-01,66,85,151
2020-03-02,71,89,160
2020-03-03,77,113,190
2020-03-04,64,102,166
2020-03-05,70,91,161
2020-03-06,77,93,170
2020-03-07,55,94,149
2020-03-08,70,95,165
2020-03-09,58,111,169
2020-03-10,70,89,159
2020-03-11,76,93,169
2020-03-12,61,78,139
2020-03-13,73,101,174
2020-03-14,58,110,168
2020-03-15,75,96,171
2020-03-16,67,90,157
2020-03-17,79,103,182
2020-03-18,64,99,163
2020-03-19,77,101,178
2020-03-20,51,80,131
2020-03-21,71,93,164
2020-03-22,55,92,147
2020-03-23,76,111,187
2020-03-24,75,101,176
2020-03-25,76,87,163
2020-03-26,64,93,157
2020-03-27,69,70,139
2020-03-28,64,75,139
2020-03-29,54,83,137
2020-03-30,55,88,143
2020-03-31,63,79,142
2020-04-01,68,95,163
2020-04-02,53,87,140
2020-04-03,60,63,123
2020-04-04,64,84,148
2020-04-05,59,79,138
2020-04-06,56,64,120
2020-04-07,68,70,138
2020-04-08,52,67,119
2020-04-09,70,76,146
2020-04-10,61,65,126
2020-04-11,59,86,145
2020-04-12,52,80,132
2020-04-13,60,86,146
2020-04-14,46,68,114
2020-04-15,62,69,131
2020-04-16,61,60,121
2020-04-17,60,75,135
2020-04-18,55,77,132
2020-04-19,73,77,150
2020-04-20,55,65,120
2020-04-21,70,87,157
2020-04-22,79,85,164
2020-04-23,74,69,143
2020-04-24,69,81,150
2020-04-25,61,67,128
2020-04-26,51,77,128
2020-04-27,61,70,131
2020-04-28,53,82,135
2020-04-29,65,62,127
2020-04-30,76,78,154
2020-05-01,55,79,134
2020-05-02,73,93,166
2020-05-03,82,87,169
2020-05-04,56,75,131
2020-05-05,53,80,133
2020-05-06,80,71,151
2020-05-07,68,95,163
2020-05-08,69,94,163
2020-05-09,81,80,161
2020-05-10,99,105,204
2020-05-11,87,92,179
2020-05-12,79,91,170
2020-05-13,79,82,161
2020-05-14,82,86,168
2020-05-15,84,96,180
2020-05-16,102,103,205
2020-05-17,85,103,188
2020-05-18,89,99,188
2020-05-19,98,104,202
2020-05-20,113,109,222
2020-05-21,122,129,251
2020-05-22,142,142,284
2020-05-23,142,160,302
2020-05-24,132,170,302
2020-05-25,115,131,246
2020-05-26,116,158,274
2020-05-27,115,150,265
2020-05-28,124,169,293
2020-05-29,139,164,303
2020-05-30,111,202,313
2020-05-31,126,164,290
2020-06-01,109,140,249
2020-06-02,125,143,268
2020-06-03,126,170,296
2020-06-04,116,169,285
2020-06-05,101,159,260
2020-06-06,108,152,260
2020-06-07,97,184,281
2020-06-08,116,190,306
2020-06-09,127,137,264
2020-06-10,108,132,240
2020-06-11,98,121,219
2020-06-12,113,162,275
2020-06-13,118,182,300
2020-06-14,118,164,282
2020-06-15,117,178,295
2020-06-16,137,150,287
2020-06-17,112,148,260
2020-06-18,121,178,299
2020-06-19,134,135,269
2020-06-20,112,139,251
2020-06-21,90,123,213
2020-06-22,96,140,236
2020-06-23,100,115,215
2020-06-24,111,140,251
2020-06-25,102,141,243
2020-06-26,99,155,254
2020-06-27,96,137,233
2020-06-28,88,147,235
2020-06-29,96,147,243
2020-06-30,81,123,204
2020-07-01,83,134,217
2020-07-02,78,122,200
2020-07-03,106,128,234
2020-07-04,84,115,199
2020-07-05,85,118,203
2020-07-06,88,141,229
2020-07-07,97,143,240
2020-07-08,89,126,215
2020-07-09,87,132,219
2020-07-10,100,116,216
2020-07-11,89,103,192
2020-07-12,96,116,212
2020-07-13,92,116,208
2020-07-14,78,121,199
2020-07-15,74,118,192
2020-07-16,73,119,192
2020-07-17,80,123,203
2020-07-18,85,118,203
2020-07-19,63,114,177
2020-07-20,74,127,201
2020-07-21,62,140,202
2020-07-22,77,113,190
2020-07-23,89,130,219
2020-07-24,79,120,199
2020-07-25,66,87,153
2020-07-26,70,131,201
2020-07-27,95,133,228
2020-07-28,85,103,188
2020-07-29,87,117,204
2020-07-30,74,114,188
2020-07-31,82,129,211
2020-08-01,92,129,221
2020-08-02,74,122,196
2020-08-03,73,116,189
2020-08-04,89,120,209
2020-08-05,79,122,201
2020-08-06,95,119,214
2020-08-07,73,146,219
2020-08-08,78,106,184
2020-08-09,73,118,191
2020-08-10,88,131,219
2020-08-11,72,117,189
2020-08-12,80,132,212
2020-08-13,80,137,217
2020-08-14,81,140,221
2020-08-15,66,120,186
2020-08-16,95,141,236
2020-08-17,105,139,244
2020-08-18,110,123,233
2020-08-19,88,144,232
2020-08-20,87,118,205
2020-08-21,94,130,224
2020-08-22,95,129,224
2020-08-23,92,156,248
2020-08-24,82,140,222
2020-08-25,70,129,199
2020-08-26,92,138,230
2020-08-27,104,128,232
2020-08-28,100,148,248
2020-08-29,109,152,261
2020-08-30,93,161,254
2020-08-31,94,165,259
2020-09-01,112,149,261
2020-09-02,80,131,211
2020-09-03,88,133,221
2020-09-04,94,166,260
2020-09-05,91,168,259
2020-09-06,86,173,259
2020-09-07,93,167,260
2020-09-08,113,151,264
2020-09-09,79,141,220
2020-09-10,80,171,251
2020-09-11,89,147,236
2020-09-12,68,107,175
2020-09-13,82,149,231
2020-09-14,69,115,184
2020-09-15,83,155,238
2020-09-16,89,158,247
2020-09-17,98,148,246
2020-09-18,101,153,254
2020-09-19,60,116,176
2020-09-20,77,158,235
2020-09-21,90,153,243
2020-09-22,105,164,269
2020-09-23,84,144,228
2020-09-24,79,157,236
2020-09-25,86,145,231
2020-09-26,79,150,229
2020-09-27,105,155,260
2020-09-28,85,134,219
2020-09-29,93,160,253
2020-09-30,77,127,204
2020-10-01,79,159,238
2020-10-02,97,150,247
2020-10-03,72,132,204
2020-10-04,80,136,216
2020-10-05,93,156,249
2020-10-06,98,152,250
2020-10-07,93,144,237
2020-10-08,94,161,255
2020-10-09,97,135,232
2020-10-10,88,111,199
2020-10-11,83,150,233
2020-10-12,83,144,227
2020-10-13,90,145,235
2020-10-14,84,151,235
2020-10-15,85,146,231
2020-10-16,103,133,236
2020-10-17,83,122,205
2020-10-18,73,123,196
2020-10-19,86,127,213
2020-10-20,78,117,195
2020-10-21,82,133,215
2020-10-22,76,129,205
2020-10-23,79,109,188
2020-10-24,81,132,213
2020-10-25,83,122,205
2020-10-26,83,124,207
2020-10-27,75,110,185
2020-10-28,63,135,198
2020-10-29,70,118,188
2020-10-30,79,109,188
2020-10-31,61,126,187
2020-11-01,83,122,205
2020-11-02,85,139,224
2020-11-03,107,137,244
2020-11-04,79,127,206
2020-11-05,98,117,215
2020-11-06,91,122,213
2020-11-07,69,120,189
2020-11-08,75,133,208
2020-11-09,77,100,177
2020-11-10,80,114,194
2020-11-11,84,129,213
2020-11-12,74,108,182
2020-11-13,74,126,200
2020-11-14,83,144,227
2020-11-15,62,120,182
2020-11-16,72,135,207
2020-11-17,59,113,172
2020-11-18,69,110,179
2020-11-19,70,129,199
2020-11-20,85,140,225
2020-11-21,74,124,198
2020-11-22,69,135,204
2020-11-23,79,119,198
2020-11-24,72,129,201
2020-11-25,90,117,207
2020-11-26,89,131,220
2020-11-27,75,119,194
2020-11-28,80,116,196
2020-11-29,86,153,239
2020-11-30,79,123,202
2020-12-01,71,119,190
2020-12-02,83,133,216
2020-12-03,72,116,188
2020-12-04,89,126,215
2020-12-05,80,144,224
2020-12-06,85,135,220
2020-12-07,99,129,228
2020-12-08,84,132,216
2020-12-09,95,133,228
2020-12-10,74,138,212
2020-12-11,84,138,222
2020-12-12,86,121,207
2020-12-13,93,142,235
2020-12-14,97,123,220
2020-12-15,90,130,220
2020-12-16,79,147,226
2020-12-17,97,138,235
2020-12-18,111,125,236
2020-12-19,86,131,217
2020-12-20,88,126,214
2020-12-21,85,124,209
2020-12-22,97,118,215
2020-12-23,94,135,229
2020-12-24,98,131,229
2020-12-25,94,119,213
2020-12-26,92,129,221
2020-12-27,95,127,222
2020-12-28,89,135,224
2020-12-29,65,131,196
2020-12-30,86,136,222
2020-12-31,64,121,185
2021-01-01,70,133,203
2021-01-02,77,110,187
2021-01-03,86,116,202
2021-01-04,76,126,202
2021-01-05,78,136,214
2021-01-06,80,112,192
2021-01-07,79,130,209
2021-01-08,83,113,196
2021-01-09,85,119,204
2021-01-10,88,119,207
2021-01-11,86,101,187
2021-01-12,85,99,184
2021-01-13,95,107,202
2021-01-14,69,147,216
2021-01-15,74,115,189
2021-01-16,80,109,189
2021-01-17,91,125,216
2021-01-18,91,125,216
2021-01-19,77,104,181
2021-01-20,81,128,209
2021-01-21,88,115,203
2021-01-22,89,126,215
2021-01-23,90,112,202
2021-01-24,69,118,187
2021-01-25,89,122,211
2021-01-26,79,112,191
2021-01-27,63,112,175
2021-01-28,96,107,203
2021-01-29,82,105,187
2021-01-30,83,113,196
2021-01-31,70,112,182
2021-02-01,83,103,186
2021-02-02,81,105,186
2021-02-03,85,112,197
2021-02-04,78,102,180
2021-02-05,66,122,188
2021-02-06,84,101,185
2021-02-07,82,124,206
2021-02-08,75,106,181
2021-02-09,80,109,189
2021-02-10,78,101,179
2021-02-11,65,127,192
2021-02-12,79,117,196
2021-02-13,80,106,186
2021-02-14,66,117,183
2021-02-15,66,111,177
2021-02-16,86,121,207
2021-02-17,79,128,207
2021-02-18,69,135,204
2021-02-19,88,101,189
2021-02-20,61,105,166
2021-02-21,54,106,160
2021-02-22,74,116,190
2021-02-23,83,110,193
2021-02-24,82,100,182
2021-02-25,70,90,160
2021-02-26,68,107,175
2021-02-27,82,117,199
2021-02-28,59,116,175
2021-03-01,67,111,178
2021-03-02,73,126,199
2021-03-03,78,102,180
2021-03-04,77,99,176
2021-03-05,79,105,184
2021-03-06,69,105,174
2021-03-07,81,124,205
2021-03-08,65,107,172
2021-03-09,75,104,179
2021-03-10,77,109,186
2021-03-11,78,98,176
2021-03-12,68,110,178
2021-03-13,70,104,174
2021-03-14,62,93,155
2021-03-15,86,117,203
2021-03-16,67,105,172
2021-03-17,69,103,172
2021-03-18,69,96,165
2021-03-19,75,94,169
2021-03-20,71,101,172
2021-03-21,83,115,198
2021-03-22,80,96,176
2021-03-23,74,98,172
2021-03-24,73,94,167
2021-03-25,66,128,194
2021-03-26,72,108,180
2021-03-27,83,107,190
2021-03-28,64,121,185
2021-03-29,74,113,187
2021-03-30,73,119,192
2021-03-31,91,106,197
2021-04-01,87,123,210
2021-04-02,74,120,194
2021-04-03,77,117,194
2021-04-04,92,90,182
2021-04-05,74,99,173
2021-04-06,87,110,197
2021-04-07,64,122,186
2021-04-08,69,148,217
2021-04-09,72,116,188
2021-04-10,81,106,187
2021-04-11,87,119,206
2021-04-12,86,122,208
2021-04-13,84,139,223
2021-04-14,78,109,187
2021-04-15,84,139,223
2021-04-16,91,141,232
2021-04-17,82,147,229
2021-04-18,88,151,239
2021-04-19,89,126,215
2021-04-20,83,128,211
2021-04-21,81,135,216
2021-04-22,91,131,222
2021-04-23,93,134,227
2021-04-24,111,130,241
2021-04-25,95,120,215
2021-04-26,71,115,186
2021-04-27,83,114,197
2021-04-28,68,122,190
2021-04-29,64,94,158
2021-04-30,67,74,141
2021-05-01,57,84,141
2021-05-02,46,102,148
2021-05-03,55,76,131
2021-05-04,54,49,103
2021-05-05,37,49,86
2021-05-06,37,42,79
2021-05-07,41,30,71
2021-05-08,16,30,46
2021-05-09,16,24,40
2021-05-10,20,18,38
2021-05-11,18,13,31
2021-05-12,14,16,30
2021-05-13,7,7,14
2021-05-14,11,4,15
2021-05-15,6,1,7
