Date,Boys,Girls,Total births
2015-01-01,159,153,312
2015-01-02,140,126,266
2015-01-03,172,161,333
2015-01-04,104,116,220
2015-01-05,154,138,292
2015-01-06,142,139,281
2015-01-07,154,177,331
2015-01-08,118,128,246
2015-01-09,161,133,294
2015-01-10,134,134,268
2015-01-11,93,82,175
2015-01-12,173,168,341
2015-01-13,123,107,230
2015-01-14,127,125,252
2015-01-15,124,108,232
2015-01-16,116,126,242
2015-01-17,105,105,210
2015-01-18,90,102,192
2015-01-19,116,130,246
2015-01-20,117,99,216
2015-01-21,147,140,287
2015-01-22,160,152,312
2015-01-23,133,131,264
2015-01-24,94,97,191
2015-01-25,79,78,157
2015-01-26,115,129,244
2015-01-27,124,121,245
2015-01-28,137,110,247
2015-01-29,116,127,243
2015-01-30,108,117,225
2015-01-31,120,99,219
2015-02-01,92,94,186
2015-02-02,132,124,256
2015-02-03,122,129,251
2015-02-04,93,104,197
2015-02-05,167,118,285
2015-02-06,105,120,225
2015-02-07,111,109,220
2015-02-08,79,71,150
2015-02-09,121,147,268
2015-02-10,120,113,233
2015-02-11,157,150,307
2015-02-12,104,92,196
2015-02-13,101,111,212
2015-02-14,134,104,238
2015-02-15,88,71,159
2015-02-16,137,120,257
2015-02-17,133,114,247
2015-02-18,103,81,184
2015-02-19,101,86,187
2015-02-20,140,116,256
2015-02-21,127,103,230
2015-02-22,94,98,192
2015-02-23,135,107,242
2015-02-24,150,114,264
2015-02-25,120,129,249
2015-02-26,94,106,200
2015-02-27,133,102,235
2015-02-28,105,122,227
2015-03-01,105,84,189
2015-03-02,169,122,291
2015-03-03,111,110,221
2015-03-04,153,145,298
2015-03-05,157,161,318
2015-03-06,130,141,271
2015-03-07,111,119,230
2015-03-08,87,76,163
2015-03-09,117,116,233
2015-03-10,135,104,239
2015-03-11,132,134,266
2015-03-12,173,153,326
2015-03-13,119,112,231
2015-03-14,112,101,213
2015-03-15,86,94,180
2015-03-16,161,150,311
2015-03-17,122,145,267
2015-03-18,170,142,312
2015-03-19,113,97,210
2015-03-20,100,100,200
2015-03-21,97,118,215
2015-03-22,103,96,199
2015-03-23,181,145,326
2015-03-24,127,137,264
2015-03-25,132,158,290
2015-03-26,114,134,248
2015-03-27,114,102,216
2015-03-28,113,125,238
2015-03-29,95,92,187
2015-03-30,167,142,309
2015-03-31,133,114,247
2015-04-01,153,125,278
2015-04-02,135,136,271
2015-04-03,136,141,277
2015-04-04,103,100,203
2015-04-05,77,79,156
2015-04-06,181,176,357
2015-04-07,115,125,240
2015-04-08,167,138,305
2015-04-09,126,131,257
2015-04-10,162,141,303
2015-04-11,119,112,231
2015-04-12,99,86,185
2015-04-13,152,166,318
2015-04-14,104,99,203
2015-04-15,146,122,268
2015-04-16,134,109,243
2015-04-17,114,123,237
2015-04-18,126,88,214
2015-04-19,87,86,173
2015-04-20,126,131,257
2015-04-21,127,123,250
2015-04-22,142,155,297
2015-04-23,127,112,239
2015-04-24,161,148,309
2015-04-25,127,128,255
2015-04-26,91,90,181
2015-04-27,136,114,250
2015-04-28,122,145,267
2015-04-29,169,147,316
2015-04-30,157,132,289
2015-05-01,175,170,345
2015-05-02,136,128,264
2015-05-03,130,108,238
2015-05-04,154,126,280
2015-05-05,138,138,276
2015-05-06,165,176,341
2015-05-07,171,143,314
2015-05-08,183,121,304
2015-05-09,155,149,304
2015-05-10,148,131,279
2015-05-11,142,171,313
2015-05-12,158,132,290
2015-05-13,156,130,286
2015-05-14,181,174,355
2015-05-15,241,249,490
2015-05-16,154,153,307
2015-05-17,103,113,216
2015-05-18,148,165,313
2015-05-19,157,147,304
2015-05-20,224,217,441
2015-05-21,175,169,344
2015-05-22,187,189,376
2015-05-23,167,156,323
2015-05-24,126,124,250
2015-05-25,183,199,382
2015-05-26,155,167,322
2015-05-27,189,178,367
2015-05-28,188,172,360
2015-05-29,146,184,330
2015-05-30,154,127,281
2015-05-31,132,112,244
2015-06-01,182,181,363
2015-06-02,171,165,336
2015-06-03,181,169,350
2015-06-04,150,150,300
2015-06-05,170,192,362
2015-06-06,152,158,310
2015-06-07,150,117,267
2015-06-08,153,197,350
2015-06-09,179,150,329
2015-06-10,190,189,379
2015-06-11,209,191,400
2015-06-12,188,200,388
2015-06-13,164,164,328
2015-06-14,146,112,258
2015-06-15,181,153,334
2015-06-16,135,144,279
2015-06-17,170,163,333
2015-06-18,210,211,421
2015-06-19,181,185,366
2015-06-20,160,134,294
2015-06-21,98,94,192
2015-06-22,195,178,373
2015-06-23,165,136,301
2015-06-24,162,168,330
2015-06-25,185,163,348
2015-06-26,159,173,332
2015-06-27,175,156,331
2015-06-28,131,109,240
2015-06-29,201,201,402
2015-06-30,156,149,305
2015-07-01,156,151,307
2015-07-02,156,158,314
2015-07-03,163,166,329
2015-07-04,125,141,266
2015-07-05,116,122,238
2015-07-06,197,166,363
2015-07-07,157,119,276
2015-07-08,169,169,338
2015-07-09,165,152,317
2015-07-10,178,180,358
2015-07-11,172,146,318
2015-07-12,121,108,229
2015-07-13,190,180,370
2015-07-14,149,167,316
2015-07-15,160,117,277
2015-07-16,155,156,311
2015-07-17,163,160,323
2015-07-18,132,117,249
2015-07-19,136,104,240
2015-07-20,216,180,396
2015-07-21,180,168,348
2015-07-22,163,166,329
2015-07-23,186,167,353
2015-07-24,146,149,295
2015-07-25,143,140,283
2015-07-26,114,88,202
2015-07-27,201,163,364
2015-07-28,144,156,300
2015-07-29,124,151,275
2015-07-30,182,174,356
2015-07-31,182,187,369
2015-08-01,148,140,288
2015-08-02,111,125,236
2015-08-03,180,187,367
2015-08-04,172,143,315
2015-08-05,141,161,302
2015-08-06,189,222,411
2015-08-07,145,155,300
2015-08-08,139,145,284
2015-08-09,102,100,202
2015-08-10,206,192,398
2015-08-11,153,126,279
2015-08-12,216,175,391
2015-08-13,177,181,358
2015-08-14,139,130,269
2015-08-15,147,118,265
2015-08-16,130,124,254
2015-08-17,180,184,364
2015-08-18,160,182,342
2015-08-19,195,167,362
2015-08-20,223,177,400
2015-08-21,202,192,394
2015-08-22,146,123,269
2015-08-23,90,107,197
2015-08-24,172,168,340
2015-08-25,153,167,320
2015-08-26,157,177,334
2015-08-27,219,201,420
2015-08-28,171,142,313
2015-08-29,150,149,299
2015-08-30,95,90,185
2015-08-31,152,145,297
2015-09-01,173,154,327
2015-09-02,172,138,310
2015-09-03,179,195,374
2015-09-04,170,160,330
2015-09-05,141,165,306
2015-09-06,125,131,256
2015-09-07,198,185,383
2015-09-08,164,156,320
2015-09-09,240,213,453
2015-09-10,185,176,361
2015-09-11,174,167,341
2015-09-12,146,114,260
2015-09-13,106,112,218
2015-09-14,187,155,342
2015-09-15,181,161,342
2015-09-16,189,183,372
2015-09-17,185,180,365
2015-09-18,154,163,317
2015-09-19,158,161,319
2015-09-20,137,98,235
2015-09-21,160,137,297
2015-09-22,148,148,296
2015-09-23,225,220,445
2015-09-24,214,178,392
2015-09-25,185,184,369
2015-09-26,153,115,268
2015-09-27,144,109,253
2015-09-28,189,180,369
2015-09-29,144,169,313
2015-09-30,169,179,348
2015-10-01,222,195,417
2015-10-02,164,158,322
2015-10-03,161,167,328
2015-10-04,137,134,271
2015-10-05,189,171,360
2015-10-06,159,165,324
2015-10-07,250,223,473
2015-10-08,181,166,347
2015-10-09,211,173,384
2015-10-10,194,162,356
2015-10-11,119,115,234
2015-10-12,126,129,255
2015-10-13,137,125,262
2015-10-14,232,200,432
2015-10-15,219,219,438
2015-10-16,166,153,319
2015-10-17,180,158,338
2015-10-18,141,103,244
2015-10-19,198,198,396
2015-10-20,173,163,336
2015-10-21,178,149,327
2015-10-22,215,209,424
2015-10-23,172,189,361
2015-10-24,152,146,298
2015-10-25,129,117,246
2015-10-26,204,182,386
2015-10-27,174,168,342
2015-10-28,211,187,398
2015-10-29,185,162,347
2015-10-30,161,178,339
2015-10-31,171,181,352
2015-11-01,129,123,252
2015-11-02,194,214,408
2015-11-03,179,178,357
2015-11-04,168,176,344
2015-11-05,217,216,433
2015-11-06,196,183,379
2015-11-07,185,164,349
2015-11-08,112,113,225
2015-11-09,173,187,360
2015-11-10,112,107,219
2015-11-11,124,134,258
2015-11-12,192,170,362
2015-11-13,250,240,490
2015-11-14,163,162,325
2015-11-15,143,134,277
2015-11-16,181,176,357
2015-11-17,183,163,346
2015-11-18,291,240,531
2015-11-19,198,171,369
2015-11-20,202,181,383
2015-11-21,161,151,312
2015-11-22,140,148,288
2015-11-23,180,188,368
2015-11-24,167,190,357
2015-11-25,187,193,380
2015-11-26,169,141,310
2015-11-27,176,173,349
2015-11-28,153,177,330
2015-11-29,140,110,250
2015-11-30,174,182,356
2015-12-01,141,127,268
2015-12-02,129,154,283
2015-12-03,142,128,270
2015-12-04,159,174,333
2015-12-05,187,169,356
2015-12-06,118,118,236
2015-12-07,181,174,355
2015-12-08,165,165,330
2015-12-09,178,161,339
2015-12-10,183,145,328
2015-12-11,142,133,275
2015-12-12,142,119,261
2015-12-13,110,120,230
2015-12-14,189,183,372
2015-12-15,160,146,306
2015-12-16,150,165,315
2015-12-17,161,122,283
2015-12-18,134,115,249
2015-12-19,149,139,288
2015-12-20,107,128,235
2015-12-21,184,177,361
2015-12-22,150,129,279
2015-12-23,184,165,349
2015-12-24,126,138,264
2015-12-25,119,105,224
2015-12-26,108,112,220
2015-12-27,100,68,168
2015-12-28,142,142,284
2015-12-29,124,117,241
2015-12-30,152,132,284
2015-12-31,135,119,254
2016-01-01,136,138,274
2016-01-02,126,95,221
2016-01-03,116,96,212
2016-01-04,162,166,328
2016-01-05,136,112,248
2016-01-06,162,159,321
2016-01-07,153,138,291
2016-01-08,127,96,223
2016-01-09,104,98,202
2016-01-10,101,99,200
2016-01-11,153,171,324
2016-01-12,159,131,290
2016-01-13,164,116,280
2016-01-14,136,105,241
2016-01-15,107,90,197
2016-01-16,92,90,182
2016-01-17,73,71,144
2016-01-18,133,137,270
2016-01-19,126,105,231
2016-01-20,138,147,285
2016-01-21,144,148,292
2016-01-22,139,137,276
2016-01-23,114,118,232
2016-01-24,100,97,197
2016-01-25,116,109,225
2016-01-26,112,106,218
2016-01-27,145,158,303
2016-01-28,117,127,244
2016-01-29,120,154,274
2016-01-30,122,95,217
2016-01-31,87,93,180
2016-02-01,122,116,238
2016-02-02,99,98,197
2016-02-03,172,133,305
2016-02-04,113,115,228
2016-02-05,125,98,223
2016-02-06,110,116,226
2016-02-07,83,90,173
2016-02-08,89,86,175
2016-02-09,97,93,190
2016-02-10,150,147,297
2016-02-11,146,115,261
2016-02-12,166,143,309
2016-02-13,104,101,205
2016-02-14,102,76,178
2016-02-15,106,110,216
2016-02-16,103,118,221
2016-02-17,150,154,304
2016-02-18,130,112,242
2016-02-19,124,121,245
2016-02-20,122,91,213
2016-02-21,74,71,145
2016-02-22,143,147,290
2016-02-23,110,109,219
2016-02-24,163,136,299
2016-02-25,138,121,259
2016-02-26,137,137,274
2016-02-27,115,98,213
2016-02-28,97,65,162
2016-02-29,115,95,210
2016-03-01,144,128,272
2016-03-02,132,109,241
2016-03-03,126,107,233
2016-03-04,124,136,260
2016-03-05,128,111,239
2016-03-06,109,100,209
2016-03-07,141,129,270
2016-03-08,114,97,211
2016-03-09,95,97,192
2016-03-10,175,165,340
2016-03-11,168,151,319
2016-03-12,115,126,241
2016-03-13,78,76,154
2016-03-14,131,145,276
2016-03-15,119,131,250
2016-03-16,145,127,272
2016-03-17,142,128,270
2016-03-18,180,154,334
2016-03-19,116,100,216
2016-03-20,95,91,186
2016-03-21,172,148,320
2016-03-22,112,146,258
2016-03-23,191,172,363
2016-03-24,159,135,294
2016-03-25,128,123,251
2016-03-26,119,129,248
2016-03-27,85,70,155
2016-03-28,159,112,271
2016-03-29,124,104,228
2016-03-30,128,127,255
2016-03-31,141,118,259
2016-04-01,106,111,217
2016-04-02,134,118,252
2016-04-03,84,110,194
2016-04-04,161,160,321
2016-04-05,135,126,261
2016-04-06,133,112,245
2016-04-07,131,117,248
2016-04-08,131,92,223
2016-04-09,167,138,305
2016-04-10,96,91,187
2016-04-11,176,172,348
2016-04-12,128,137,265
2016-04-13,163,153,316
2016-04-14,99,104,203
2016-04-15,117,100,217
2016-04-16,119,91,210
2016-04-17,74,75,149
2016-04-18,120,115,235
2016-04-19,140,98,238
2016-04-20,124,119,243
2016-04-21,123,124,247
2016-04-22,148,130,278
2016-04-23,110,113,223
2016-04-24,90,63,153
2016-04-25,164,153,317
2016-04-26,121,104,225
2016-04-27,116,132,248
2016-04-28,156,113,269
2016-04-29,143,140,283
2016-04-30,104,113,217
2016-05-01,98,111,209
2016-05-02,170,155,325
2016-05-03,132,118,250
2016-05-04,129,161,290
2016-05-05,138,139,277
2016-05-06,101,116,217
2016-05-07,108,102,210
2016-05-08,111,102,213
2016-05-09,192,178,370
2016-05-10,158,108,266
2016-05-11,158,134,292
2016-05-12,178,153,331
2016-05-13,147,148,295
2016-05-14,181,142,323
2016-05-15,107,108,215
2016-05-16,177,159,336
2016-05-17,144,147,291
2016-05-18,180,146,326
2016-05-19,204,185,389
2016-05-20,158,166,324
2016-05-21,165,169,334
2016-05-22,96,108,204
2016-05-23,167,133,300
2016-05-24,129,134,263
2016-05-25,178,158,336
2016-05-26,190,174,364
2016-05-27,159,162,321
2016-05-28,156,101,257
2016-05-29,93,106,199
2016-05-30,156,123,279
2016-05-31,143,141,284
2016-06-01,137,135,272
2016-06-02,159,164,323
2016-06-03,140,173,313
2016-06-04,124,117,241
2016-06-05,106,88,194
2016-06-06,164,160,324
2016-06-07,150,131,281
2016-06-08,139,143,282
2016-06-09,164,152,316
2016-06-10,143,140,283
2016-06-11,117,152,269
2016-06-12,113,88,201
2016-06-13,139,135,274
2016-06-14,141,149,290
2016-06-15,173,156,329
2016-06-16,235,189,424
2016-06-17,154,131,285
2016-06-18,147,152,299
2016-06-19,101,82,183
2016-06-20,153,142,295
2016-06-21,132,136,268
2016-06-22,170,142,312
2016-06-23,192,182,374
2016-06-24,165,142,307
2016-06-25,136,135,271
2016-06-26,82,92,174
2016-06-27,167,139,306
2016-06-28,157,114,271
2016-06-29,157,152,309
2016-06-30,170,164,334
2016-07-01,179,153,332
2016-07-02,140,118,258
2016-07-03,95,81,176
2016-07-04,119,107,226
2016-07-05,115,97,212
2016-07-06,200,175,375
2016-07-07,135,141,276
2016-07-08,163,149,312
2016-07-09,148,130,278
2016-07-10,129,122,251
2016-07-11,176,181,357
2016-07-12,145,130,275
2016-07-13,157,158,315
2016-07-14,189,168,357
2016-07-15,169,200,369
2016-07-16,142,145,287
2016-07-17,106,96,202
2016-07-18,148,136,284
2016-07-19,147,142,289
2016-07-20,151,142,293
2016-07-21,198,181,379
2016-07-22,169,143,312
2016-07-23,135,144,279
2016-07-24,100,97,197
2016-07-25,156,148,304
2016-07-26,142,143,285
2016-07-27,147,132,279
2016-07-28,165,144,309
2016-07-29,132,147,279
2016-07-30,132,148,280
2016-07-31,96,103,199
2016-08-01,141,159,300
2016-08-02,108,122,230
2016-08-03,129,124,253
2016-08-04,184,181,365
2016-08-05,191,202,393
2016-08-06,157,135,292
2016-08-07,120,104,224
2016-08-08,172,176,348
2016-08-09,167,125,292
2016-08-10,195,186,381
2016-08-11,156,134,290
2016-08-12,170,153,323
2016-08-13,139,134,273
2016-08-14,117,90,207
2016-08-15,123,122,245
2016-08-16,151,132,283
2016-08-17,223,197,420
2016-08-18,175,162,337
2016-08-19,167,144,311
2016-08-20,139,119,258
2016-08-21,119,110,229
2016-08-22,195,191,386
2016-08-23,148,138,286
2016-08-24,201,154,355
2016-08-25,152,129,281
2016-08-26,154,129,283
2016-08-27,158,113,271
2016-08-28,124,130,254
2016-08-29,208,182,390
2016-08-30,147,151,298
2016-08-31,132,155,287
2016-09-01,145,120,265
2016-09-02,146,125,271
2016-09-03,149,132,281
2016-09-04,120,123,243
2016-09-05,169,141,310
2016-09-06,158,142,300
2016-09-07,193,175,368
2016-09-08,187,205,392
2016-09-09,164,141,305
2016-09-10,149,148,297
2016-09-11,123,113,236
2016-09-12,191,186,377
2016-09-13,144,134,278
2016-09-14,222,191,413
2016-09-15,179,166,345
2016-09-16,156,146,302
2016-09-17,151,130,281
2016-09-18,103,108,211
2016-09-19,182,192,374
2016-09-20,166,154,320
2016-09-21,200,171,371
2016-09-22,162,165,327
2016-09-23,181,175,356
2016-09-24,154,130,284
2016-09-25,149,116,265
2016-09-26,178,195,373
2016-09-27,173,156,329
2016-09-28,205,205,410
2016-09-29,159,167,326
2016-09-30,141,113,254
2016-10-01,151,145,296
2016-10-02,127,120,247
2016-10-03,209,194,403
2016-10-04,188,173,361
2016-10-05,236,225,461
2016-10-06,193,213,406
2016-10-07,174,181,355
2016-10-08,154,146,300
2016-10-09,130,103,233
2016-10-10,164,147,311
2016-10-11,193,189,382
2016-10-12,187,181,368
2016-10-13,164,182,346
2016-10-14,217,220,437
2016-10-15,195,172,367
2016-10-16,128,115,243
2016-10-17,205,211,416
2016-10-18,151,170,321
2016-10-19,194,196,390
2016-10-20,181,205,386
2016-10-21,202,201,403
2016-10-22,155,175,330
2016-10-23,120,128,248
2016-10-24,163,152,315
2016-10-25,213,194,407
2016-10-26,207,190,397
2016-10-27,193,191,384
2016-10-28,166,203,369
2016-10-29,118,101,219
2016-10-30,101,74,175
2016-10-31,138,146,284
2016-11-01,199,169,368
2016-11-02,242,223,465
2016-11-03,176,167,343
2016-11-04,164,178,342
2016-11-05,177,169,346
2016-11-06,140,123,263
2016-11-07,221,192,413
2016-11-08,197,169,366
2016-11-09,169,173,342
2016-11-10,210,178,388
2016-11-11,188,193,381
2016-11-12,152,154,306
2016-11-13,119,113,232
2016-11-14,197,196,393
2016-11-15,158,138,296
2016-11-16,179,177,356
2016-11-17,186,167,353
2016-11-18,205,206,411
2016-11-19,162,148,310
2016-11-20,105,104,209
2016-11-21,151,149,300
2016-11-22,178,151,329
2016-11-23,176,201,377
2016-11-24,172,165,337
2016-11-25,190,179,369
2016-11-26,148,157,305
2016-11-27,135,130,265
2016-11-28,169,152,321
2016-11-29,107,133,240
2016-11-30,132,137,269
2016-12-01,200,160,360
2016-12-02,166,167,333
2016-12-03,158,158,316
2016-12-04,145,141,286
2016-12-05,195,218,413
2016-12-06,135,132,267
2016-12-07,135,154,289
2016-12-08,190,165,355
2016-12-09,188,183,371
2016-12-10,155,133,288
2016-12-11,132,92,224
2016-12-12,93,159,252
2016-12-13,132,97,229
2016-12-14,172,183,355
2016-12-15,162,173,335
2016-12-16,148,176,324
2016-12-17,142,115,257
2016-12-18,97,104,201
2016-12-19,158,169,327
2016-12-20,149,149,298
2016-12-21,156,125,281
2016-12-22,166,138,304
2016-12-23,151,147,298
2016-12-24,148,127,275
2016-12-25,96,92,188
2016-12-26,154,162,316
2016-12-27,107,136,243
2016-12-28,113,89,202
2016-12-29,111,108,219
2016-12-30,122,108,230
2016-12-31,128,113,241
2017-01-01,109,139,248
2017-01-02,151,121,272
2017-01-03,109,121,230
2017-01-04,138,165,303
2017-01-05,156,138,294
2017-01-06,143,103,246
2017-01-07,111,122,233
2017-01-08,85,77,162
2017-01-09,134,124,258
2017-01-10,116,93,209
2017-01-11,103,142,245
2017-01-12,166,143,309
2017-01-13,99,103,202
2017-01-14,72,59,131
2017-01-15,75,68,143
2017-01-16,107,77,184
2017-01-17,124,119,243
2017-01-18,127,128,255
2017-01-19,134,106,240
2017-01-20,117,113,230
2017-01-21,104,85,189
2017-01-22,76,62,138
2017-01-23,126,136,262
2017-01-24,99,90,189
2017-01-25,129,96,225
2017-01-26,72,82,154
2017-01-27,93,92,185
2017-01-28,86,86,172
2017-01-29,71,66,137
2017-01-30,113,94,207
2017-01-31,83,86,169
2017-02-01,127,116,243
2017-02-02,130,140,270
2017-02-03,94,107,201
2017-02-04,92,77,169
2017-02-05,61,71,132
2017-02-06,114,112,226
2017-02-07,88,95,183
2017-02-08,95,113,208
2017-02-09,133,131,264
2017-02-10,105,109,214
2017-02-11,77,90,167
2017-02-12,79,71,150
2017-02-13,116,128,244
2017-02-14,113,112,225
2017-02-15,108,112,220
2017-02-16,121,108,229
2017-02-17,115,128,243
2017-02-18,111,102,213
2017-02-19,84,74,158
2017-02-20,105,83,188
2017-02-21,86,80,166
2017-02-22,136,114,250
2017-02-23,153,152,305
2017-02-24,116,139,255
2017-02-25,109,91,200
2017-02-26,66,51,117
2017-02-27,103,94,197
2017-02-28,105,101,206
2017-03-01,138,121,259
2017-03-02,143,148,291
2017-03-03,125,147,272
2017-03-04,99,118,217
2017-03-05,81,72,153
2017-03-06,153,114,267
2017-03-07,114,104,218
2017-03-08,150,144,294
2017-03-09,169,164,333
2017-03-10,114,108,222
2017-03-11,139,147,286
2017-03-12,93,86,179
2017-03-13,137,141,278
2017-03-14,140,141,281
2017-03-15,136,129,265
2017-03-16,194,173,367
2017-03-17,145,146,291
2017-03-18,137,111,248
2017-03-19,77,74,151
2017-03-20,156,96,252
2017-03-21,105,96,201
2017-03-22,142,135,277
2017-03-23,192,153,345
2017-03-24,153,138,291
2017-03-25,119,123,242
2017-03-26,77,93,170
2017-03-27,130,136,266
2017-03-28,107,111,218
2017-03-29,134,135,269
2017-03-30,176,173,349
2017-03-31,128,146,274
2017-04-01,123,119,242
2017-04-02,96,95,191
2017-04-03,161,140,301
2017-04-04,130,110,240
2017-04-05,178,150,328
2017-04-06,141,117,258
2017-04-07,146,144,290
2017-04-08,145,95,240
2017-04-09,126,132,258
2017-04-10,167,159,326
2017-04-11,127,108,235
2017-04-12,177,168,345
2017-04-13,179,145,324
2017-04-14,109,117,226
2017-04-15,110,115,225
2017-04-16,81,77,158
2017-04-17,116,102,218
2017-04-18,112,98,210
2017-04-19,101,111,212
2017-04-20,135,135,270
2017-04-21,136,118,254
2017-04-22,124,124,248
2017-04-23,88,90,178
2017-04-24,171,154,325
2017-04-25,131,101,232
2017-04-26,98,99,197
2017-04-27,127,121,248
2017-04-28,166,134,300
2017-04-29,132,121,253
2017-04-30,98,96,194
2017-05-01,141,129,270
2017-05-02,137,123,260
2017-05-03,149,140,289
2017-05-04,151,146,297
2017-05-05,131,168,299
2017-05-06,147,118,265
2017-05-07,104,94,198
2017-05-08,154,140,294
2017-05-09,117,123,240
2017-05-10,190,171,361
2017-05-11,144,108,252
2017-05-12,154,143,297
2017-05-13,131,106,237
2017-05-14,103,114,217
2017-05-15,158,164,322
2017-05-16,129,140,269
2017-05-17,226,232,458
2017-05-18,193,168,361
2017-05-19,150,159,309
2017-05-20,125,136,261
2017-05-21,120,117,237
2017-05-22,189,160,349
2017-05-23,127,142,269
2017-05-24,159,153,312
2017-05-25,126,129,255
2017-05-26,152,127,279
2017-05-27,131,152,283
2017-05-28,101,85,186
2017-05-29,185,171,356
2017-05-30,132,112,244
2017-05-31,162,149,311
2017-06-01,203,187,390
2017-06-02,164,155,319
2017-06-03,164,156,320
2017-06-04,134,105,239
2017-06-05,171,167,338
2017-06-06,182,160,342
2017-06-07,171,180,351
2017-06-08,174,188,362
2017-06-09,172,164,336
2017-06-10,137,170,307
2017-06-11,93,98,191
2017-06-12,159,149,308
2017-06-13,177,177,354
2017-06-14,198,212,410
2017-06-15,135,146,281
2017-06-16,166,178,344
2017-06-17,134,132,266
2017-06-18,102,106,208
2017-06-19,179,195,374
2017-06-20,166,146,312
2017-06-21,165,165,330
2017-06-22,161,155,316
2017-06-23,122,131,253
2017-06-24,148,123,271
2017-06-25,127,103,230
2017-06-26,140,151,291
2017-06-27,124,143,267
2017-06-28,182,182,364
2017-06-29,145,153,298
2017-06-30,160,150,310
2017-07-01,134,114,248
2017-07-02,104,85,189
2017-07-03,192,150,342
2017-07-04,133,152,285
2017-07-05,189,157,346
2017-07-06,171,166,337
2017-07-07,187,139,326
2017-07-08,126,120,246
2017-07-09,104,108,212
2017-07-10,150,160,310
2017-07-11,136,145,281
2017-07-12,175,180,355
2017-07-13,146,132,278
2017-07-14,168,162,330
2017-07-15,171,150,321
2017-07-16,119,102,221
2017-07-17,126,133,259
2017-07-18,128,120,248
2017-07-19,172,180,352
2017-07-20,140,146,286
2017-07-21,187,175,362
2017-07-22,133,101,234
2017-07-23,99,81,180
2017-07-24,126,133,259
2017-07-25,155,144,299
2017-07-26,169,165,334
2017-07-27,185,155,340
2017-07-28,167,178,345
2017-07-29,146,120,266
2017-07-30,91,84,175
2017-07-31,142,129,271
2017-08-01,162,117,279
2017-08-02,180,196,376
2017-08-03,153,145,298
2017-08-04,139,136,275
2017-08-05,173,140,313
2017-08-06,118,106,224
2017-08-07,183,148,331
2017-08-08,132,125,257
2017-08-09,108,173,281
2017-08-10,181,149,330
2017-08-11,203,175,378
2017-08-12,170,150,320
2017-08-13,106,110,216
2017-08-14,150,142,292
2017-08-15,126,98,224
2017-08-16,136,134,270
2017-08-17,174,181,355
2017-08-18,163,189,352
2017-08-19,187,187,374
2017-08-20,120,123,243
2017-08-21,104,98,202
2017-08-22,149,119,268
2017-08-23,222,200,422
2017-08-24,185,176,361
2017-08-25,144,136,280
2017-08-26,122,134,256
2017-08-27,145,154,299
2017-08-28,182,155,337
2017-08-29,156,132,288
2017-08-30,165,142,307
2017-08-31,170,156,326
2017-09-01,172,176,348
2017-09-02,139,125,264
2017-09-03,154,122,276
2017-09-04,207,202,409
2017-09-05,141,150,291
2017-09-06,177,193,370
2017-09-07,170,141,311
2017-09-08,173,174,347
2017-09-09,185,159,344
2017-09-10,140,146,286
2017-09-11,178,187,365
2017-09-12,157,154,311
2017-09-13,173,147,320
2017-09-14,160,156,316
2017-09-15,228,246,474
2017-09-16,202,169,371
2017-09-17,122,105,227
2017-09-18,169,151,320
2017-09-19,135,131,266
2017-09-20,153,144,297
2017-09-21,198,201,399
2017-09-22,206,193,399
2017-09-23,201,176,377
2017-09-24,114,118,232
2017-09-25,205,216,421
2017-09-26,174,163,337
2017-09-27,179,152,331
2017-09-28,175,144,319
2017-09-29,151,128,279
2017-09-30,168,153,321
2017-10-01,128,110,238
2017-10-02,160,135,295
2017-10-03,180,156,336
2017-10-04,200,175,375
2017-10-05,222,236,458
2017-10-06,171,173,344
2017-10-07,168,155,323
2017-10-08,151,115,266
2017-10-09,173,161,334
2017-10-10,175,145,320
2017-10-11,230,230,460
2017-10-12,199,183,382
2017-10-13,162,157,319
2017-10-14,158,149,307
2017-10-15,143,105,248
2017-10-16,195,191,386
2017-10-17,175,149,324
2017-10-18,115,103,218
2017-10-19,109,114,223
2017-10-20,167,165,332
2017-10-21,220,186,406
2017-10-22,137,129,266
2017-10-23,166,218,384
2017-10-24,197,171,368
2017-10-25,154,170,324
2017-10-26,185,201,386
2017-10-27,221,208,429
2017-10-28,153,155,308
2017-10-29,133,119,252
2017-10-30,199,169,368
2017-10-31,153,161,314
2017-11-01,201,180,381
2017-11-02,193,188,381
2017-11-03,197,172,369
2017-11-04,159,173,332
2017-11-05,133,114,247
2017-11-06,177,166,343
2017-11-07,160,174,334
2017-11-08,177,136,313
2017-11-09,242,225,467
2017-11-10,192,166,358
2017-11-11,161,138,299
2017-11-12,126,115,241
2017-11-13,170,180,350
2017-11-14,179,178,357
2017-11-15,177,162,339
2017-11-16,183,181,364
2017-11-17,203,195,398
2017-11-18,139,124,263
2017-11-19,103,117,220
2017-11-20,162,184,346
2017-11-21,149,175,324
2017-11-22,188,156,344
2017-11-23,217,227,444
2017-11-24,183,179,362
2017-11-25,168,158,326
2017-11-26,104,104,208
2017-11-27,138,136,274
2017-11-28,145,141,286
2017-11-29,181,173,354
2017-11-30,187,177,364
2017-12-01,180,169,349
2017-12-02,136,125,261
2017-12-03,98,118,216
2017-12-04,173,156,329
2017-12-05,158,144,302
2017-12-06,155,204,359
2017-12-07,171,161,332
2017-12-08,143,139,282
2017-12-09,166,135,301
2017-12-10,87,113,200
2017-12-11,145,165,310
2017-12-12,142,144,286
2017-12-13,161,151,312
2017-12-14,195,199,394
2017-12-15,158,131,289
2017-12-16,137,133,270
2017-12-17,74,76,150
2017-12-18,137,96,233
2017-12-19,125,126,251
2017-12-20,174,179,353
2017-12-21,163,140,303
2017-12-22,158,145,303
2017-12-23,131,135,266
2017-12-24,107,68,175
2017-12-25,131,127,258
2017-12-26,96,124,220
2017-12-27,126,122,248
2017-12-28,156,144,300
2017-12-29,137,114,251
2017-12-30,111,93,204
2017-12-31,95,77,172
2018-01-01,148,128,276
2018-01-02,112,96,208
2018-01-03,144,147,291
2018-01-04,146,132,278
2018-01-05,119,149,268
2018-01-06,126,126,252
2018-01-07,76,88,164
2018-01-08,125,129,254
2018-01-09,96,115,211
2018-01-10,124,102,226
2018-01-11,143,162,305
2018-01-12,144,143,287
2018-01-13,119,117,236
2018-01-14,76,71,147
2018-01-15,94,79,173
2018-01-16,73,69,142
2018-01-17,111,96,207
2018-01-18,132,144,276
2018-01-19,154,148,302
2018-01-20,114,122,236
2018-01-21,69,68,137
2018-01-22,130,127,257
2018-01-23,98,109,207
2018-01-24,103,110,213
2018-01-25,105,116,221
2018-01-26,110,97,207
2018-01-27,96,113,209
2018-01-28,89,65,154
2018-01-29,121,123,244
2018-01-30,106,93,199
2018-01-31,105,95,200
2018-02-01,96,93,189
2018-02-02,113,126,239
2018-02-03,100,92,192
2018-02-04,81,80,161
2018-02-05,140,106,246
2018-02-06,96,108,204
2018-02-07,151,150,301
2018-02-08,113,116,229
2018-02-09,122,127,249
2018-02-10,130,95,225
2018-02-11,68,89,157
2018-02-12,124,132,256
2018-02-13,84,113,197
2018-02-14,144,123,267
2018-02-15,117,92,209
2018-02-16,106,88,194
2018-02-17,102,119,221
2018-02-18,78,72,150
2018-02-19,144,150,294
2018-02-20,110,111,221
2018-02-21,131,122,253
2018-02-22,121,106,227
2018-02-23,102,78,180
2018-02-24,95,108,203
2018-02-25,83,79,162
2018-02-26,158,141,299
2018-02-27,102,105,207
2018-02-28,104,89,193
2018-03-01,173,146,319
2018-03-02,138,123,261
2018-03-03,118,126,244
2018-03-04,95,88,183
2018-03-05,145,141,286
2018-03-06,115,124,239
2018-03-07,149,136,285
2018-03-08,156,157,313
2018-03-09,132,115,247
2018-03-10,105,98,203
2018-03-11,82,113,195
2018-03-12,147,131,278
2018-03-13,127,97,224
2018-03-14,166,141,307
2018-03-15,186,154,340
2018-03-16,136,114,250
2018-03-17,111,98,209
2018-03-18,91,83,174
2018-03-19,173,154,327
2018-03-20,130,142,272
2018-03-21,144,134,278
2018-03-22,145,129,274
2018-03-23,142,140,282
2018-03-24,127,118,245
2018-03-25,97,73,170
2018-03-26,173,152,325
2018-03-27,143,130,273
2018-03-28,150,140,290
2018-03-29,136,154,290
2018-03-30,106,134,240
2018-03-31,105,121,226
2018-04-01,109,84,193
2018-04-02,129,128,257
2018-04-03,134,124,258
2018-04-04,149,140,289
2018-04-05,161,149,310
2018-04-06,114,151,265
2018-04-07,109,119,228
2018-04-08,59,71,130
2018-04-09,136,121,257
2018-04-10,160,151,311
2018-04-11,151,157,308
2018-04-12,157,172,329
2018-04-13,141,162,303
2018-04-14,108,88,196
2018-04-15,81,76,157
2018-04-16,94,87,181
2018-04-17,129,120,249
2018-04-18,158,130,288
2018-04-19,109,120,229
2018-04-20,153,130,283
2018-04-21,125,100,225
2018-04-22,92,86,178
2018-04-23,132,123,255
2018-04-24,117,107,224
2018-04-25,175,156,331
2018-04-26,144,117,261
2018-04-27,143,140,283
2018-04-28,123,96,219
2018-04-29,79,91,170
2018-04-30,137,146,283
2018-05-01,111,101,212
2018-05-02,169,155,324
2018-05-03,135,138,273
2018-05-04,120,134,254
2018-05-05,115,122,237
2018-05-06,94,95,189
2018-05-07,142,158,300
2018-05-08,115,114,229
2018-05-09,146,134,280
2018-05-10,154,128,282
2018-05-11,165,129,294
2018-05-12,126,128,254
2018-05-13,89,113,202
2018-05-14,127,131,258
2018-05-15,124,129,253
2018-05-16,146,134,280
2018-05-17,161,163,324
2018-05-18,178,201,379
2018-05-19,164,141,305
2018-05-20,131,109,240
2018-05-21,143,138,281
2018-05-22,161,130,291
2018-05-23,147,156,303
2018-05-24,174,162,336
2018-05-25,182,162,344
2018-05-26,110,119,229
2018-05-27,123,115,238
2018-05-28,145,146,291
2018-05-29,186,163,349
2018-05-30,140,117,257
2018-05-31,150,130,280
2018-06-01,156,142,298
2018-06-02,127,149,276
2018-06-03,123,105,228
2018-06-04,188,198,386
2018-06-05,154,151,305
2018-06-06,156,151,307
2018-06-07,126,132,258
2018-06-08,169,169,338
2018-06-09,140,138,278
2018-06-10,97,83,180
2018-06-11,186,200,386
2018-06-12,146,141,287
2018-06-13,125,106,231
2018-06-14,140,141,281
2018-06-15,139,156,295
2018-06-16,143,129,272
2018-06-17,95,104,199
2018-06-18,162,163,325
2018-06-19,161,162,323
2018-06-20,162,141,303
2018-06-21,144,132,276
2018-06-22,168,151,319
2018-06-23,152,139,291
2018-06-24,93,100,193
2018-06-25,194,186,380
2018-06-26,134,124,258
2018-06-27,152,143,295
2018-06-28,116,147,263
2018-06-29,150,147,297
2018-06-30,139,121,260
2018-07-01,113,96,209
2018-07-02,152,155,307
2018-07-03,117,127,244
2018-07-04,155,120,275
2018-07-05,229,175,404
2018-07-06,137,116,253
2018-07-07,123,145,268
2018-07-08,114,108,222
2018-07-09,176,133,309
2018-07-10,150,116,266
2018-07-11,171,176,347
2018-07-12,127,119,246
2018-07-13,128,129,257
2018-07-14,146,148,294
2018-07-15,117,95,212
2018-07-16,202,167,369
2018-07-17,152,125,277
2018-07-18,166,145,311
2018-07-19,187,166,353
2018-07-20,155,144,299
2018-07-21,133,132,265
2018-07-22,97,88,185
2018-07-23,204,180,384
2018-07-24,138,136,274
2018-07-25,135,144,279
2018-07-26,161,173,334
2018-07-27,134,134,268
2018-07-28,138,122,260
2018-07-29,109,102,211
2018-07-30,156,148,304
2018-07-31,106,119,225
2018-08-01,151,161,312
2018-08-02,160,172,332
2018-08-03,182,174,356
2018-08-04,146,136,282
2018-08-05,96,96,192
2018-08-06,158,143,301
2018-08-07,147,149,296
2018-08-08,145,150,295
2018-08-09,184,188,372
2018-08-10,170,147,317
2018-08-11,136,111,247
2018-08-12,102,90,192
2018-08-13,190,153,343
2018-08-14,168,149,317
2018-08-15,150,136,286
2018-08-16,184,130,314
2018-08-17,223,184,407
2018-08-18,157,152,309
2018-08-19,123,134,257
2018-08-20,164,178,342
2018-08-21,127,130,257
2018-08-22,143,145,288
2018-08-23,194,149,343
2018-08-24,176,170,346
2018-08-25,150,167,317
2018-08-26,112,114,226
2018-08-27,157,150,307
2018-08-28,130,149,279
2018-08-29,146,159,305
2018-08-30,164,171,335
2018-08-31,172,193,365
2018-09-01,136,175,311
2018-09-02,107,109,216
2018-09-03,162,144,306
2018-09-04,155,132,287
2018-09-05,188,198,386
2018-09-06,209,206,415
2018-09-07,150,163,313
2018-09-08,133,122,255
2018-09-09,99,85,184
2018-09-10,153,135,288
2018-09-11,155,155,310
2018-09-12,204,190,394
2018-09-13,163,147,310
2018-09-14,184,182,366
2018-09-15,197,174,371
2018-09-16,107,115,222
2018-09-17,155,157,312
2018-09-18,176,111,287
2018-09-19,192,173,365
2018-09-20,230,191,421
2018-09-21,161,155,316
2018-09-22,163,146,309
2018-09-23,117,124,241
2018-09-24,180,155,335
2018-09-25,166,166,332
2018-09-26,180,154,334
2018-09-27,175,199,374
2018-09-28,192,183,375
2018-09-29,143,155,298
2018-09-30,118,120,238
2018-10-01,204,178,382
2018-10-02,154,128,282
2018-10-03,186,183,369
2018-10-04,215,229,444
2018-10-05,178,181,359
2018-10-06,162,175,337
2018-10-07,111,119,230
2018-10-08,137,116,253
2018-10-09,140,143,283
2018-10-10,194,217,411
2018-10-11,217,207,424
2018-10-12,185,195,380
2018-10-13,159,181,340
2018-10-14,115,139,254
2018-10-15,186,152,338
2018-10-16,181,159,340
2018-10-17,189,190,379
2018-10-18,183,156,339
2018-10-19,183,181,364
2018-10-20,178,154,332
2018-10-21,121,121,242
2018-10-22,199,176,375
2018-10-23,178,173,351
2018-10-24,213,226,439
2018-10-25,187,178,365
2018-10-26,179,163,342
2018-10-27,161,142,303
2018-10-28,128,111,239
2018-10-29,194,181,375
2018-10-30,175,164,339
2018-10-31,162,190,352
2018-11-01,154,154,308
2018-11-02,198,164,362
2018-11-03,192,181,373
2018-11-04,147,158,305
2018-11-05,203,187,390
2018-11-06,113,120,233
2018-11-07,135,139,274
2018-11-08,166,193,359
2018-11-09,242,247,489
2018-11-10,182,168,350
2018-11-11,116,140,256
2018-11-12,199,192,391
2018-11-13,156,159,315
2018-11-14,235,229,464
2018-11-15,180,189,369
2018-11-16,174,168,342
2018-11-17,175,139,314
2018-11-18,128,110,238
2018-11-19,213,194,407
2018-11-20,158,177,335
2018-11-21,184,142,326
2018-11-22,183,178,361
2018-11-23,175,177,352
2018-11-24,154,148,302
2018-11-25,105,125,230
2018-11-26,158,170,328
2018-11-27,187,153,340
2018-11-28,205,174,379
2018-11-29,205,163,368
2018-11-30,174,148,322
2018-12-01,142,143,285
2018-12-02,149,119,268
2018-12-03,169,173,342
2018-12-04,188,168,356
2018-12-05,169,173,342
2018-12-06,144,162,306
2018-12-07,143,159,302
2018-12-08,147,152,299
2018-12-09,113,121,234
2018-12-10,170,149,319
2018-12-11,145,155,300
2018-12-12,210,192,402
2018-12-13,178,156,334
2018-12-14,162,152,314
2018-12-15,149,130,279
2018-12-16,94,96,190
2018-12-17,170,155,325
2018-12-18,140,138,278
2018-12-19,167,169,336
2018-12-20,171,147,318
2018-12-21,139,156,295
2018-12-22,152,164,316
2018-12-23,120,92,212
2018-12-24,134,137,271
2018-12-25,114,125,239
2018-12-26,158,139,297
2018-12-27,180,142,322
2018-12-28,143,132,275
2018-12-29,109,92,201
2018-12-30,81,84,165
2018-12-31,111,102,213
2019-01-01,130,125,255
2019-01-02,123,127,250
2019-01-03,185,159,344
2019-01-04,100,112,212
2019-01-05,110,90,200
2019-01-06,102,71,173
2019-01-07,157,133,290
2019-01-08,126,150,276
2019-01-09,145,147,292
2019-01-10,138,139,277
2019-01-11,139,137,276
2019-01-12,106,107,213
2019-01-13,106,92,198
2019-01-14,95,105,200
2019-01-15,78,92,170
2019-01-16,112,97,209
2019-01-17,89,99,188
2019-01-18,119,103,222
2019-01-19,123,113,236
2019-01-20,107,77,184
2019-01-21,144,150,294
2019-01-22,114,100,214
2019-01-23,158,159,317
2019-01-24,126,127,253
2019-01-25,134,127,261
2019-01-26,98,88,186
2019-01-27,81,82,163
2019-01-28,110,117,227
2019-01-29,93,107,200
2019-01-30,164,148,312
2019-01-31,105,100,205
2019-02-01,108,93,201
2019-02-02,106,96,202
2019-02-03,70,78,148
2019-02-04,105,92,197
2019-02-05,94,102,196
2019-02-06,142,127,269
2019-02-07,117,127,244
2019-02-08,121,108,229
2019-02-09,124,89,213
2019-02-10,94,87,181
2019-02-11,163,120,283
2019-02-12,115,108,223
2019-02-13,105,121,226
2019-02-14,115,112,227
2019-02-15,137,132,269
2019-02-16,94,101,195
2019-02-17,87,83,170
2019-02-18,131,116,247
2019-02-19,122,118,240
2019-02-20,128,134,262
2019-02-21,134,125,259
2019-02-22,124,132,256
2019-02-23,105,99,204
2019-02-24,90,99,189
2019-02-25,139,133,272
2019-02-26,122,126,248
2019-02-27,109,94,203
2019-02-28,107,121,228
2019-03-01,124,112,236
2019-03-02,126,126,252
2019-03-03,116,99,215
2019-03-04,171,148,319
2019-03-05,134,101,235
2019-03-06,94,96,190
2019-03-07,108,113,221
2019-03-08,152,154,306
2019-03-09,145,114,259
2019-03-10,106,106,212
2019-03-11,142,153,295
2019-03-12,139,112,251
2019-03-13,142,130,272
2019-03-14,115,103,218
2019-03-15,155,126,281
2019-03-16,139,112,251
2019-03-17,106,125,231
2019-03-18,129,109,238
2019-03-19,144,155,299
2019-03-20,173,164,337
2019-03-21,179,128,307
2019-03-22,158,121,279
2019-03-23,136,116,252
2019-03-24,117,97,214
2019-03-25,167,145,312
2019-03-26,134,119,253
2019-03-27,166,141,307
2019-03-28,98,121,219
2019-03-29,131,123,254
2019-03-30,134,117,251
2019-03-31,111,106,217
2019-04-01,129,134,263
2019-04-02,146,137,283
2019-04-03,178,154,332
2019-04-04,123,122,245
2019-04-05,127,119,246
2019-04-06,144,123,267
2019-04-07,109,102,211
2019-04-08,147,154,301
2019-04-09,114,138,252
2019-04-10,188,185,373
2019-04-11,152,141,293
2019-04-12,153,150,303
2019-04-13,132,133,265
2019-04-14,104,91,195
2019-04-15,126,115,241
2019-04-16,23,48,71
2019-04-17,169,58,227
2019-04-18,134,117,251
2019-04-19,107,94,201
2019-04-20,112,107,219
2019-04-21,83,98,181
2019-04-22,171,140,311
2019-04-23,127,126,253
2019-04-24,141,123,264
2019-04-25,143,128,271
2019-04-26,139,122,261
2019-04-27,147,108,255
2019-04-28,113,103,216
2019-04-29,147,137,284
2019-04-30,134,126,260
2019-05-01,149,166,315
2019-05-02,162,163,325
2019-05-03,132,142,274
2019-05-04,122,105,227
2019-05-05,94,88,182
2019-05-06,176,158,334
2019-05-07,133,153,286
2019-05-08,158,146,304
2019-05-09,165,127,292
2019-05-10,166,151,317
2019-05-11,136,137,273
2019-05-12,108,96,204
2019-05-13,163,118,281
2019-05-14,143,125,268
2019-05-15,211,213,424
2019-05-16,190,200,390
2019-05-17,212,181,393
2019-05-18,159,161,320
2019-05-19,122,111,233
2019-05-20,152,137,289
2019-05-21,156,117,273
2019-05-22,199,159,358
2019-05-23,183,151,334
2019-05-24,166,145,311
2019-05-25,140,159,299
2019-05-26,116,114,230
2019-05-27,162,135,297
2019-05-28,143,146,289
2019-05-29,204,196,400
2019-05-30,167,149,316
2019-05-31,142,163,305
2019-06-01,164,165,329
2019-06-02,130,97,227
2019-06-03,123,113,236
2019-06-04,148,149,297
2019-06-05,168,165,333
2019-06-06,207,188,395
2019-06-07,173,157,330
2019-06-08,140,141,281
2019-06-09,107,110,217
2019-06-10,162,145,307
2019-06-11,153,138,291
2019-06-12,180,163,343
2019-06-13,203,159,362
2019-06-14,211,179,390
2019-06-15,153,156,309
2019-06-16,116,114,230
2019-06-17,158,136,294
2019-06-18,148,137,285
2019-06-19,146,157,303
2019-06-20,241,192,433
2019-06-21,139,153,292
2019-06-22,145,129,274
2019-06-23,100,95,195
2019-06-24,172,147,319
2019-06-25,164,142,306
2019-06-26,164,146,310
2019-06-27,174,189,363
2019-06-28,165,154,319
2019-06-29,143,130,273
2019-06-30,116,81,197
2019-07-01,178,134,312
2019-07-02,109,116,225
2019-07-03,144,130,274
2019-07-04,189,181,370
2019-07-05,152,151,303
2019-07-06,167,158,325
2019-07-07,137,110,247
2019-07-08,145,169,314
2019-07-09,139,140,279
2019-07-10,135,138,273
2019-07-11,224,210,434
2019-07-12,187,152,339
2019-07-13,145,141,286
2019-07-14,103,83,186
2019-07-15,158,138,296
2019-07-16,124,129,253
2019-07-17,156,152,308
2019-07-18,154,149,303
2019-07-19,157,140,297
2019-07-20,136,132,268
2019-07-21,94,119,213
2019-07-22,139,150,289
2019-07-23,134,142,276
2019-07-24,154,170,324
2019-07-25,158,134,292
2019-07-26,126,133,259
2019-07-27,148,144,292
2019-07-28,115,112,227
2019-07-29,180,176,356
2019-07-30,141,141,282
2019-07-31,124,101,225
2019-08-01,137,136,273
2019-08-02,162,159,321
2019-08-03,197,178,375
2019-08-04,127,124,251
2019-08-05,161,169,330
2019-08-06,158,155,313
2019-08-07,174,166,340
2019-08-08,159,130,289
2019-08-09,203,168,371
2019-08-10,146,161,307
2019-08-11,93,78,171
2019-08-12,126,153,279
2019-08-13,147,169,316
2019-08-14,183,201,384
2019-08-15,175,166,341
2019-08-16,148,161,309
2019-08-17,143,144,287
2019-08-18,119,113,232
2019-08-19,185,179,364
2019-08-20,160,147,307
2019-08-21,184,166,350
2019-08-22,160,184,344
2019-08-23,153,133,286
2019-08-24,133,133,266
2019-08-25,140,109,249
2019-08-26,170,153,323
2019-08-27,146,138,284
2019-08-28,209,200,409
2019-08-29,160,150,310
2019-08-30,141,137,278
2019-08-31,133,141,274
2019-09-01,120,111,231
2019-09-02,129,144,273
2019-09-03,165,147,312
2019-09-04,189,197,386
2019-09-05,188,180,368
2019-09-06,154,144,298
2019-09-07,158,144,302
2019-09-08,110,115,225
2019-09-09,213,165,378
2019-09-10,167,149,316
2019-09-11,199,182,381
2019-09-12,203,185,388
2019-09-13,165,188,353
2019-09-14,159,143,302
2019-09-15,133,104,237
2019-09-16,215,226,441
2019-09-17,172,148,320
2019-09-18,189,185,374
2019-09-19,156,167,323
2019-09-20,187,140,327
2019-09-21,192,145,337
2019-09-22,99,105,204
2019-09-23,184,157,341
2019-09-24,195,174,369
2019-09-25,178,175,353
2019-09-26,191,198,389
2019-09-27,189,158,347
2019-09-28,136,127,263
2019-09-29,113,122,235
2019-09-30,179,193,372
2019-10-01,212,192,404
2019-10-02,195,192,387
2019-10-03,184,202,386
2019-10-04,194,157,351
2019-10-05,167,171,338
2019-10-06,129,124,253
2019-10-07,157,147,304
2019-10-08,168,173,341
2019-10-09,208,205,413
2019-10-10,193,198,391
2019-10-11,215,171,386
2019-10-12,180,167,347
2019-10-13,131,123,254
2019-10-14,207,179,386
2019-10-15,163,166,329
2019-10-16,188,195,383
2019-10-17,174,162,336
2019-10-18,191,194,385
2019-10-19,179,147,326
2019-10-20,130,146,276
2019-10-21,188,182,370
2019-10-22,173,168,341
2019-10-23,179,169,348
2019-10-24,227,241,468
2019-10-25,212,152,364
2019-10-26,139,140,279
2019-10-27,124,103,227
2019-10-28,145,119,264
2019-10-29,140,165,305
2019-10-30,215,209,424
2019-10-31,194,148,342
2019-11-01,168,183,351
2019-11-02,183,151,334
2019-11-03,159,142,301
2019-11-04,180,159,339
2019-11-05,198,171,369
2019-11-06,170,186,356
2019-11-07,231,202,433
2019-11-08,192,190,382
2019-11-09,160,163,323
2019-11-10,158,124,282
2019-11-11,194,189,383
2019-11-12,164,194,358
2019-11-13,163,186,349
2019-11-14,163,156,319
2019-11-15,210,213,423
2019-11-16,158,157,315
2019-11-17,125,132,257
2019-11-18,182,204,386
2019-11-19,135,140,275
2019-11-20,174,172,346
2019-11-21,175,186,361
2019-11-22,167,187,354
2019-11-23,135,143,278
2019-11-24,118,116,234
2019-11-25,159,175,334
2019-11-26,152,119,271
2019-11-27,137,151,288
2019-11-28,166,173,339
2019-11-29,154,149,303
2019-11-30,130,144,274
2019-12-01,132,108,240
2019-12-02,173,178,351
2019-12-03,134,157,291
2019-12-04,161,148,309
2019-12-05,160,158,318
2019-12-06,176,188,364
2019-12-07,142,153,295
2019-12-08,114,100,214
2019-12-09,175,170,345
2019-12-10,134,146,280
2019-12-11,168,159,327
2019-12-12,180,152,332
2019-12-13,146,159,305
2019-12-14,134,143,277
2019-12-15,121,96,217
2019-12-16,150,145,295
2019-12-17,168,158,326
2019-12-18,164,173,337
2019-12-19,143,147,290
2019-12-20,149,140,289
2019-12-21,151,142,293
2019-12-22,145,96,241
2019-12-23,159,160,319
2019-12-24,158,141,299
2019-12-25,113,84,197
2019-12-26,85,86,171
2019-12-27,125,124,249
2019-12-28,138,128,266
2019-12-29,104,91,195
2019-12-30,137,134,271
2019-12-31,127,114,241
2020-01-01,158,138,296
2020-01-02,158,143,301
2020-01-03,128,115,243
2020-01-04,137,132,269
2020-01-05,121,107,228
2020-01-06,169,130,299
2020-01-07,136,141,277
2020-01-08,143,135,278
2020-01-09,126,136,262
2020-01-10,160,161,321
2020-01-11,106,147,253
2020-01-12,85,94,179
2020-01-13,124,119,243
2020-01-14,114,99,213
2020-01-15,98,89,187
2020-01-16,106,90,196
2020-01-17,90,106,196
2020-01-18,104,130,234
2020-01-19,90,80,170
2020-01-20,165,177,342
2020-01-21,122,132,254
2020-01-22,140,122,262
2020-01-23,140,110,250
2020-01-24,97,98,195
2020-01-25,108,121,229
2020-01-26,91,81,172
2020-01-27,141,144,285
2020-01-28,87,104,191
2020-01-29,108,128,236
2020-01-30,143,127,270
2020-01-31,92,117,209
2020-02-01,106,104,210
2020-02-02,82,76,158
2020-02-03,94,106,200
2020-02-04,108,79,187
2020-02-05,145,137,282
2020-02-06,110,111,221
2020-02-07,141,130,271
2020-02-08,114,97,211
2020-02-09,85,61,146
2020-02-10,132,107,239
2020-02-11,96,82,178
2020-02-12,150,132,282
2020-02-13,114,100,214
2020-02-14,129,129,258
2020-02-15,119,107,226
2020-02-16,67,61,128
2020-02-17,113,84,197
2020-02-18,94,93,187
2020-02-19,111,111,222
2020-02-20,144,148,292
2020-02-21,129,128,257
2020-02-22,95,96,191
2020-02-23,72,80,152
2020-02-24,111,81,192
2020-02-25,107,103,210
2020-02-26,155,154,309
2020-02-27,150,114,264
2020-02-28,123,132,255
2020-02-29,64,83,147
2020-03-01,83,69,152
2020-03-02,123,107,230
2020-03-03,110,114,224
2020-03-04,138,122,260
2020-03-05,137,149,286
2020-03-06,135,110,245
2020-03-07,118,103,221
2020-03-08,89,73,162
2020-03-09,129,132,261
2020-03-10,105,93,198
2020-03-11,130,116,246
2020-03-12,134,122,256
2020-03-13,134,104,238
2020-03-14,100,105,205
2020-03-15,75,70,145
2020-03-16,108,100,208
2020-03-17,98,87,185
2020-03-18,122,133,255
2020-03-19,123,122,245
2020-03-20,141,125,266
2020-03-21,138,138,276
2020-03-22,73,72,145
2020-03-23,96,115,211
2020-03-24,86,79,165
2020-03-25,106,96,202
2020-03-26,160,142,302
2020-03-27,130,128,258
2020-03-28,102,112,214
2020-03-29,78,72,150
2020-03-30,141,122,263
2020-03-31,107,105,212
2020-04-01,90,88,178
2020-04-02,126,115,241
2020-04-03,116,126,242
2020-04-04,118,111,229
2020-04-05,97,87,184
2020-04-06,143,170,313
2020-04-07,110,122,232
2020-04-08,121,113,234
2020-04-09,148,150,298
2020-04-10,132,125,257
2020-04-11,134,115,249
2020-04-12,86,79,165
2020-04-13,131,104,235
2020-04-14,111,96,207
2020-04-15,121,113,234
2020-04-16,144,127,271
2020-04-17,138,139,277
2020-04-18,122,100,222
2020-04-19,85,78,163
2020-04-20,137,140,277
2020-04-21,118,102,220
2020-04-22,93,96,189
2020-04-23,85,98,183
2020-04-24,143,142,285
2020-04-25,132,120,252
2020-04-26,105,105,210
2020-04-27,157,100,257
2020-04-28,121,107,228
2020-04-29,128,135,263
2020-04-30,130,125,255
2020-05-01,101,110,211
2020-05-02,125,124,249
2020-05-03,115,108,223
2020-05-04,147,135,282
2020-05-05,120,131,251
2020-05-06,160,125,285
2020-05-07,168,161,329
2020-05-08,131,134,265
2020-05-09,135,127,262
2020-05-10,111,90,201
2020-05-11,122,131,253
2020-05-12,142,125,267
2020-05-13,161,160,321
2020-05-14,165,162,327
2020-05-15,157,136,293
2020-05-16,136,131,267
2020-05-17,91,81,172
2020-05-18,188,152,340
2020-05-19,120,125,245
2020-05-20,141,152,293
2020-05-21,143,141,284
2020-05-22,87,104,191
2020-05-23,131,110,241
2020-05-24,120,104,224
2020-05-25,148,156,304
2020-05-26,163,134,297
2020-05-27,219,165,384
2020-05-28,154,119,273
2020-05-29,116,151,267
2020-05-30,124,100,224
2020-05-31,94,79,173
2020-06-01,175,150,325
2020-06-02,109,120,229
2020-06-03,180,177,357
2020-06-04,167,155,322
2020-06-05,150,157,307
2020-06-06,122,126,248
2020-06-07,91,94,185
2020-06-08,132,116,248
2020-06-09,119,147,266
2020-06-10,162,169,331
2020-06-11,142,140,282
2020-06-12,146,122,268
2020-06-13,113,101,214
2020-06-14,98,86,184
2020-06-15,144,121,265
2020-06-16,125,146,271
2020-06-17,161,161,322
2020-06-18,157,126,283
2020-06-19,137,129,266
2020-06-20,101,102,203
2020-06-21,94,62,156
2020-06-22,129,132,261
2020-06-23,112,91,203
2020-06-24,164,150,314
2020-06-25,126,118,244
2020-06-26,120,127,247
2020-06-27,98,117,215
2020-06-28,80,88,168
2020-06-29,114,95,209
2020-06-30,116,102,218
2020-07-01,150,151,301
2020-07-02,161,137,298
2020-07-03,123,114,237
2020-07-04,105,97,202
2020-07-05,95,95,190
2020-07-06,137,118,255
2020-07-07,120,133,253
2020-07-08,131,119,250
2020-07-09,116,129,245
2020-07-10,144,153,297
2020-07-11,109,108,217
2020-07-12,107,102,209
2020-07-13,100,110,210
2020-07-14,109,114,223
2020-07-15,155,177,332
2020-07-16,123,118,241
2020-07-17,104,105,209
2020-07-18,123,115,238
2020-07-19,70,68,138
2020-07-20,88,73,161
2020-07-21,97,96,193
2020-07-22,139,128,267
2020-07-23,165,165,330
2020-07-24,144,149,293
2020-07-25,92,114,206
2020-07-26,91,74,165
2020-07-27,128,109,237
2020-07-28,138,101,239
2020-07-29,142,146,288
2020-07-30,138,126,264
2020-07-31,126,115,241
2020-08-01,124,112,236
2020-08-02,100,77,177
2020-08-03,158,127,285
2020-08-04,119,113,232
2020-08-05,134,139,273
2020-08-06,126,127,253
2020-08-07,139,141,280
2020-08-08,129,108,237
2020-08-09,103,99,202
2020-08-10,152,153,305
2020-08-11,143,96,239
2020-08-12,128,106,234
2020-08-13,120,124,244
2020-08-14,164,131,295
2020-08-15,129,104,233
2020-08-16,83,85,168
2020-08-17,138,145,283
2020-08-18,113,99,212
2020-08-19,128,118,246
2020-08-20,144,158,302
2020-08-21,156,174,330
2020-08-22,118,126,244
2020-08-23,88,85,173
2020-08-24,186,148,334
2020-08-25,131,110,241
2020-08-26,139,132,271
2020-08-27,139,112,251
2020-08-28,135,124,259
2020-08-29,127,118,245
2020-08-30,80,98,178
2020-08-31,146,131,277
2020-09-01,128,131,259
2020-09-02,143,138,281
2020-09-03,140,136,276
2020-09-04,174,168,342
2020-09-05,134,134,268
2020-09-06,96,100,196
2020-09-07,162,169,331
2020-09-08,135,140,275
2020-09-09,169,158,327
2020-09-10,141,109,250
2020-09-11,139,137,276
2020-09-12,136,137,273
2020-09-13,114,110,224
2020-09-14,177,157,334
2020-09-15,146,118,264
2020-09-16,195,170,365
2020-09-17,116,100,216
2020-09-18,156,153,309
2020-09-19,160,172,332
2020-09-20,133,118,251
2020-09-21,167,169,336
2020-09-22,181,170,351
2020-09-23,174,159,333
2020-09-24,142,134,276
2020-09-25,176,147,323
2020-09-26,152,155,307
2020-09-27,102,126,228
2020-09-28,168,166,334
2020-09-29,135,131,266
2020-09-30,170,158,328
2020-10-01,189,183,372
2020-10-02,146,155,301
2020-10-03,171,130,301
2020-10-04,94,115,209
2020-10-05,187,157,344
2020-10-06,139,132,271
2020-10-07,190,172,362
2020-10-08,172,179,351
2020-10-09,186,152,338
2020-10-10,129,151,280
2020-10-11,116,102,218
2020-10-12,168,168,336
2020-10-13,173,151,324
2020-10-14,191,179,370
2020-10-15,179,144,323
2020-10-16,118,123,241
2020-10-17,130,135,265
2020-10-18,141,138,279
2020-10-19,200,160,360
2020-10-20,168,164,332
2020-10-21,149,163,312
2020-10-22,178,146,324
2020-10-23,161,175,336
2020-10-24,152,123,275
2020-10-25,122,112,234
2020-10-26,152,177,329
2020-10-27,180,128,308
2020-10-28,193,172,365
2020-10-29,180,157,337
2020-10-30,165,157,322
2020-10-31,155,158,313
2020-11-01,127,102,229
2020-11-02,142,144,286
2020-11-03,139,160,299
2020-11-04,199,201,400
2020-11-05,180,153,333
2020-11-06,191,179,370
2020-11-07,154,153,307
2020-11-08,127,100,227
2020-11-09,169,173,342
2020-11-10,155,162,317
2020-11-11,204,185,389
2020-11-12,180,168,348
2020-11-13,139,128,267
2020-11-14,107,106,213
2020-11-15,100,92,192
2020-11-16,159,154,313
2020-11-17,170,149,319
2020-11-18,194,192,386
2020-11-19,195,195,390
2020-11-20,193,204,397
2020-11-21,175,164,339
2020-11-22,88,105,193
2020-11-23,174,141,315
2020-11-24,151,154,305
2020-11-25,133,151,284
2020-11-26,152,138,290
2020-11-27,164,171,335
2020-11-28,147,159,306
2020-11-29,120,110,230
2020-11-30,154,131,285
2020-12-01,139,147,286
2020-12-02,162,179,341
2020-12-03,171,142,313
2020-12-04,149,173,322
2020-12-05,125,114,239
2020-12-06,95,99,194
2020-12-07,157,180,337
2020-12-08,143,148,291
2020-12-09,147,125,272
2020-12-10,185,150,335
2020-12-11,155,173,328
2020-12-12,142,140,282
2020-12-13,84,100,184
2020-12-14,106,87,193
2020-12-15,106,90,196
2020-12-16,162,158,320
2020-12-17,155,152,307
2020-12-18,143,141,284
2020-12-19,141,109,250
2020-12-20,88,91,179
2020-12-21,113,127,240
2020-12-22,114,108,222
2020-12-23,143,101,244
2020-12-24,135,134,269
2020-12-25,123,94,217
2020-12-26,117,75,192
2020-12-27,78,67,145
2020-12-28,113,111,224
2020-12-29,103,122,225
2020-12-30,122,113,235
2020-12-31,115,101,216
2021-01-01,120,90,210
2021-01-02,100,86,186
2021-01-03,103,75,178
2021-01-04,122,140,262
2021-01-05,120,100,220
2021-01-06,123,95,218
2021-01-07,115,103,218
2021-01-08,148,129,277
2021-01-09,121,125,246
2021-01-10,78,78,156
2021-01-11,113,113,226
2021-01-12,95,91,186
2021-01-13,98,102,200
2021-01-14,84,85,169
2021-01-15,78,91,169
2021-01-16,80,78,158
2021-01-17,80,73,153
2021-01-18,113,89,202
2021-01-19,99,121,220
2021-01-20,113,102,215
2021-01-21,106,98,204
2021-01-22,97,87,184
2021-01-23,96,73,169
2021-01-24,59,76,135
2021-01-25,100,97,197
2021-01-26,101,71,172
2021-01-27,100,85,185
2021-01-28,86,104,190
2021-01-29,82,69,151
2021-01-30,84,76,160
2021-01-31,62,49,111
2021-02-01,101,81,182
2021-02-02,80,71,151
2021-02-03,95,96,191
2021-02-04,98,103,201
2021-02-05,76,76,152
2021-02-06,86,75,161
2021-02-07,51,50,101
2021-02-08,82,64,146
2021-02-09,99,75,174
2021-02-10,101,100,201
2021-02-11,68,60,128
2021-02-12,70,64,134
2021-02-13,58,80,138
2021-02-14,54,53,107
2021-02-15,91,107,198
2021-02-16,73,67,140
2021-02-17,97,89,186
2021-02-18,110,90,200
2021-02-19,91,70,161
2021-02-20,76,76,152
2021-02-21,53,47,100
2021-02-22,93,72,165
2021-02-23,89,81,170
2021-02-24,94,101,195
2021-02-25,93,108,201
2021-02-26,67,83,150
2021-02-27,67,67,134
2021-02-28,65,48,113
2021-03-01,83,92,175
2021-03-02,91,69,160
2021-03-03,100,103,203
2021-03-04,97,86,183
2021-03-05,97,84,181
2021-03-06,76,63,139
2021-03-07,52,59,111
2021-03-08,72,80,152
2021-03-09,94,82,176
2021-03-10,107,95,202
2021-03-11,99,88,187
2021-03-12,78,70,148
2021-03-13,69,63,132
2021-03-14,57,55,112
2021-03-15,118,100,218
2021-03-16,70,92,162
2021-03-17,93,95,188
2021-03-18,103,86,189
2021-03-19,92,71,163
2021-03-20,85,77,162
2021-03-21,71,56,127
2021-03-22,73,80,153
2021-03-23,71,68,139
2021-03-24,113,99,212
2021-03-25,78,77,155
2021-03-26,94,81,175
2021-03-27,79,71,150
2021-03-28,53,61,114
2021-03-29,92,58,150
2021-03-30,82,79,161
2021-03-31,115,89,204
2021-04-01,82,84,166
2021-04-02,71,74,145
2021-04-03,82,70,152
2021-04-04,56,54,110
2021-04-05,76,76,152
2021-04-06,94,83,177
2021-04-07,99,107,206
2021-04-08,108,90,198
2021-04-09,97,103,200
2021-04-10,84,65,149
2021-04-11,43,43,86
2021-04-12,88,81,169
2021-04-13,86,69,155
2021-04-14,74,74,148
2021-04-15,75,84,159
2021-04-16,80,76,156
2021-04-17,79,62,141
2021-04-18,65,47,112
2021-04-19,72,54,126
2021-04-20,61,77,138
2021-04-21,84,82,166
2021-04-22,78,96,174
2021-04-23,93,82,175
2021-04-24,64,78,142
2021-04-25,47,59,106
2021-04-26,64,65,129
2021-04-27,79,72,151
2021-04-28,75,68,143
2021-04-29,93,85,178
2021-04-30,69,76,145
2021-05-01,75,53,128
2021-05-02,49,46,95
2021-05-03,82,83,165
2021-05-04,57,66,123
2021-05-05,83,69,152
2021-05-06,76,68,144
2021-05-07,60,63,123
2021-05-08,56,53,109
2021-05-09,64,47,111
2021-05-10,79,60,139
2021-05-11,58,34,92
2021-05-12,45,46,91
2021-05-13,47,37,84
2021-05-14,55,35,90
2021-05-15,40,32,72
